lon,lat,temperature
106.5,30,1022.9805792902
106.75,30,985.88489403584
107,30,948.51739208092
107.25,30,911.74793208583
107.5,30,873.55610569817
107.75,30,848.68570963073
108,30,830.50014404982
108.25,30,819.2639360197
108.5,30,795.5503419749
108.75,30,772.2951071672
109,30,798.79569163055
114,30,448.85616533751
114.25,30,448.18160710123
114.5,30,450.28396499777
114.75,30,449.79717981552
115,30,458.25932900547
115.25,30,468.67072281697
115.5,30,480.42758532094
115.75,30,491.51935455275
116,30,497.20268046269
116.25,30,507.6184083588
116.5,30,517.81265255502
116.75,30,530.8109145981
117,30,538.30853039713
117.25,30,558.87198920376
117.5,30,577.9872097828
117.75,30,602.075511903
118,30,625.09993596971
106.5,30.25,997.71563242219
106.75,30.25,969.82478006939
107,30.25,924.95472655083
107.25,30.25,875.28805329063
107.5,30.25,829.89910405074
107.75,30.25,804.35330058155
108,30.25,792.87284663182
108.25,30.25,788.79549142478
108.5,30.25,773.16459263736
108.75,30.25,782.03091513013
109,30.25,785.055500107
114.25,30.25,439.61490029605
114.5,30.25,443.07410064265
114.75,30.25,447.74075452825
115,30.25,456.93077965676
115.25,30.25,468.0895027828
115.5,30.25,482.60467914101
115.75,30.25,493.21563141342
116,30.25,503.90540110751
116.25,30.25,513.32620703852
116.5,30.25,519.00786181046
116.75,30.25,522.32418519327
117,30.25,538.55421440467
117.25,30.25,562.91505803867
117.5,30.25,588.23003979939
117.75,30.25,622.58773126855
118,30.25,621.80186860852
118.25,30.25,635.89706220135
106.5,30.5,923.44954331435
106.75,30.5,911.09648659544
107,30.5,863.94745547329
107.25,30.5,801.42237828583
107.5,30.5,749.48452217363
107.75,30.5,727.5362044238
108,30.5,730.40281893271
108.25,30.5,734.11347090528
108.5,30.5,736.60997369271
108.75,30.5,740.52111185026
109,30.5,745.00179094468
114.25,30.5,420.50653347094
114.5,30.5,423.9111149998
114.75,30.5,434.61638776518
115,30.5,454.20702445273
115.25,30.5,466.13729421354
115.5,30.5,475.68499610633
115.75,30.5,485.20287323816
116,30.5,493.45715044551
116.25,30.5,499.46529984245
116.5,30.5,501.96942567041
116.75,30.5,502.61899299833
117,30.5,510.76004490729
117.25,30.5,543.75972276996
117.5,30.5,577.45402117879
117.75,30.5,607.20846125856
118,30.5,619.38137972789
118.25,30.5,618.77949722328
119.5,30.5,641.29014494662
106.75,30.75,836.77170517521
107,30.75,801.15459583739
107.25,30.75,750.81005040974
107.5,30.75,702.83040791202
107.75,30.75,690.93419493178
108,30.75,701.23631696588
108.25,30.75,711.10508757257
108.5,30.75,715.37002333294
108.75,30.75,724.14434600679
109,30.75,728.57543783353
114.25,30.75,408.82682947397
114.5,30.75,417.32082236329
114.75,30.75,459.49776319815
115,30.75,463.6660242965
115.25,30.75,473.45352260416
115.5,30.75,488.00187391996
115.75,30.75,496.20243367217
116,30.75,501.95936869183
116.25,30.75,509.45031877159
116.5,30.75,513.79495296767
116.75,30.75,516.10414194695
117,30.75,523.8320051082
117.25,30.75,559.28435237411
117.5,30.75,595.66930188346
117.75,30.75,626.2138838318
118,30.75,627.39067142799
118.25,30.75,619.90149984255
118.5,30.75,617.5699443081
118.75,30.75,606.35910978119
119,30.75,611.06695495878
119.25,30.75,618.44260710053
119.5,30.75,626.82320365199
119.75,30.75,636.07629799546
120,30.75,641.69560163616
120.25,30.75,664.67910992304
106.75,31,747.63317638193
107,31,726.80859917275
107.25,31,699.55349702366
107.5,31,678.45526289881
107.75,31,676.52628451293
108,31,686.27821068412
108.25,31,695.67750123292
108.5,31,698.95048177181
108.75,31,710.36306906271
109,31,714.80771370523
109.25,31,718.95503625621
114,31,412.69423060798
114.25,31,416.74755203786
114.5,31,437.97305945864
114.75,31,459.85346118934
115,31,463.63084199834
115.25,31,474.31641654776
115.5,31,486.77066137179
115.75,31,497.51611139708
116,31,514.10120291789
116.25,31,525.615674088
116.5,31,537.31188230387
116.75,31,545.13617479876
117,31,557.48505746182
117.25,31,581.08083722495
117.5,31,608.398596359
117.75,31,625.52381271196
118,31,626.90938280377
118.25,31,612.79123511479
118.5,31,607.92766194376
118.75,31,601.02064530326
119,31,607.53275465729
119.25,31,609.98239959703
119.5,31,617.89311370697
119.75,31,623.48480264972
120,31,627.06828276297
120.25,31,642.34325622325
120.5,31,664.05627576751
120.75,31,683.57926744608
121,31,693.55878625821
106.75,31.25,661.49169654988
107,31.25,653.56044353897
107.25,31.25,649.19124231813
107.5,31.25,649.4880107736
107.75,31.25,655.77253556739
108,31.25,678.52568299127
108.25,31.25,703.62141378543
108.5,31.25,723.45954073726
108.75,31.25,742.56406677139
109,31.25,761.43262128806
109.5,31.25,710.0923267956
114,31.25,409.57933149349
114.25,31.25,415.26150980991
114.5,31.25,439.95996728407
114.75,31.25,468.42452084236
115,31.25,473.2783846005
115.25,31.25,484.86622202784
115.5,31.25,499.00342010765
115.75,31.25,506.57865209363
116,31.25,523.32449636828
116.25,31.25,537.93154985612
116.5,31.25,554.42779892101
116.75,31.25,570.2397145664
117,31.25,583.43301662547
117.25,31.25,594.63085704785
117.5,31.25,607.37655128407
117.75,31.25,614.60294531525
118,31.25,612.89273855779
118.25,31.25,608.62910027336
118.5,31.25,598.8467660947
118.75,31.25,592.59802081899
119,31.25,597.51821550437
119.25,31.25,600.3911075991
119.5,31.25,606.41041797412
119.75,31.25,614.13958788796
120,31.25,618.79072568817
120.25,31.25,630.62483027288
120.5,31.25,645.96060490078
120.75,31.25,659.63754446142
121,31.25,661.29398657922
121.25,31.25,654.57467002795
107,31.5,584.9715707502
107.25,31.5,591.48406464621
107.5,31.5,610.52079546571
107.75,31.5,636.7295536593
108,31.5,672.24497417283
108.25,31.5,711.05783950872
108.5,31.5,752.41924241598
108.75,31.5,789.36796781268
109,31.5,772.46215316774
109.25,31.5,791.85257507597
109.5,31.5,808.43480691535
114,31.5,411.11711321537
114.25,31.5,434.16729102166
114.5,31.5,444.24097069474
114.75,31.5,475.490033482
115,31.5,481.58383064557
115.25,31.5,496.48612957415
115.5,31.5,508.24016390259
115.75,31.5,523.29796993539
116,31.5,537.19601180338
116.25,31.5,549.21193369397
116.5,31.5,565.14705312803
116.75,31.5,585.05495188873
117,31.5,596.5750427453
117.25,31.5,607.9981957363
117.5,31.5,612.09466719773
117.75,31.5,608.808107446
118,31.5,602.15491260752
118.25,31.5,600.67978459812
118.5,31.5,595.20058495561
118.75,31.5,586.74298563734
119,31.5,587.69713260149
119.25,31.5,589.96596263239
119.5,31.5,598.2458270005
119.75,31.5,607.06731040567
120,31.5,610.58839056944
120.25,31.5,620.96959940527
120.5,31.5,632.89363375198
120.75,31.5,641.77013806528
121,31.5,643.57381216635
121.25,31.5,636.74135340071
121.5,31.5,641.07514599096
106.75,31.75,511.84634312471
107,31.75,529.6384116431
107.25,31.75,553.3184863309
107.5,31.75,585.62286636244
107.75,31.75,625.62251271981
108,31.75,670.1871764073
108.25,31.75,714.28500666158
108.5,31.75,759.40070326601
108.75,31.75,797.47588908178
109,31.75,785.68325376607
109.25,31.75,809.55572072781
109.5,31.75,828.24770198094
112.5,31.75,433.91882076837
113.75,31.75,412.45035903653
114,31.75,413.73979705734
114.25,31.75,439.09278964262
114.5,31.75,451.89882601043
114.75,31.75,481.62468721727
115,31.75,491.00142197033
115.25,31.75,504.08182614226
115.5,31.75,516.94037528242
115.75,31.75,531.35989598385
116,31.75,548.66612431412
116.25,31.75,564.31288122107
116.5,31.75,578.01024883675
116.75,31.75,595.79815408662
117,31.75,615.06310778639
117.25,31.75,624.38680827429
117.5,31.75,621.57742533126
117.75,31.75,609.75425200768
118,31.75,600.31745912564
118.25,31.75,599.34324322577
118.5,31.75,595.82890396097
118.75,31.75,588.73537834168
119,31.75,582.12092413285
119.25,31.75,584.99917595433
119.5,31.75,595.06295129601
119.75,31.75,604.05163415077
120,31.75,605.08836724508
120.25,31.75,615.5213736204
120.5,31.75,626.13704205079
120.75,31.75,632.7414839438
121,31.75,637.14361631816
121.25,31.75,636.47428856073
121.5,31.75,627.08297586209
107,32,508.36718250596
107.25,32,529.27865239181
107.5,32,574.68248075803
107.75,32,623.2127337324
108,32,674.2894354698
108.25,32,724.30538451873
108.5,32,770.72127735728
108.75,32,810.74724777203
109,32,804.57371087512
109.25,32,827.94069311151
109.5,32,805.87382334585
109.75,32,775.24404953501
110,32,764.16880186609
111.75,32,516.80173361892
112,32,490.32888664478
112.25,32,458.5741383194
112.5,32,431.55755054964
112.75,32,417.17023756596
113.5,32,402.6001097044
113.75,32,404.80776589293
114,32,426.19009224107
114.25,32,437.45460412068
114.5,32,461.72709259453
114.75,32,478.17600524494
115,32,503.53749973068
115.25,32,510.45034402147
115.5,32,525.73235498775
115.75,32,540.97647986322
116,32,559.96645174539
116.25,32,580.88659722367
116.5,32,604.35879551554
116.75,32,619.9812013628
117,32,639.28143660133
117.25,32,645.43712236376
117.5,32,637.28385598804
117.75,32,622.34879116443
118,32,610.26272096314
118.25,32,603.06081728153
118.5,32,599.44716198809
118.75,32,590.02304560687
119,32,587.63445175994
119.25,32,587.47168757257
119.5,32,597.54119050803
119.75,32,601.77048907769
120,32,608.34946449069
120.25,32,617.84562600938
120.5,32,627.12285958642
120.75,32,631.71578976843
121,32,635.18452652455
121.25,32,632.43621136306
121.5,32,614.41418989814
107,32.25,521.27670869336
107.25,32.25,535.70311128216
107.5,32.25,581.39971698397
107.75,32.25,632.23839082173
108,32.25,692.38724743054
108.25,32.25,741.67813025306
108.5,32.25,792.87552043037
108.75,32.25,837.04081935697
109,32.25,852.88176941851
109.25,32.25,828.32076615616
109.5,32.25,837.28575867031
109.75,32.25,783.12864746527
110,32.25,780.68060746446
111.5,32.25,533.3702318477
112,32.25,486.11260906864
112.25,32.25,461.62015025089
112.5,32.25,439.45036014485
112.75,32.25,423.82564000001
113,32.25,412.44061876176
113.75,32.25,406.67560410109
114,32.25,429.45746012209
114.25,32.25,439.92139983484
114.5,32.25,466.36299312432
114.75,32.25,480.45983643142
115,32.25,491.82906673009
115.25,32.25,500.85593815516
115.5,32.25,519.18756650195
115.75,32.25,547.55117428567
116,32.25,570.27319276773
116.25,32.25,596.05376901084
116.5,32.25,618.28207060287
116.75,32.25,646.93151627746
117,32.25,668.87184250511
117.25,32.25,669.33065771595
117.5,32.25,653.43183720025
117.75,32.25,634.55253975184
118,32.25,620.11797008425
118.25,32.25,611.76881083719
118.5,32.25,603.49281555275
118.75,32.25,598.26601570653
119,32.25,589.63182154788
119.25,32.25,592.2601197012
119.5,32.25,595.29676023842
119.75,32.25,606.6734258492
120,32.25,616.67558389396
120.25,32.25,626.34913832394
120.5,32.25,633.4408762605
120.75,32.25,638.5102468085
121,32.25,639.63378395455
121.25,32.25,639.45408791002
121.5,32.25,637.50576153582
107,32.5,551.07471221737
107.25,32.5,568.47966016694
107.5,32.5,604.66464024959
107.75,32.5,654.04409527935
108,32.5,711.63495964729
108.25,32.5,759.16347871709
108.5,32.5,806.43613660711
108.75,32.5,844.7724758529
109,32.5,875.01822485256
109.25,32.5,902.21871998478
109.5,32.5,863.47113355533
109.75,32.5,810.77453869671
110,32.5,792.99192842205
110.25,32.5,760.84952810203
110.75,32.5,690.08466461427
111.5,32.5,530.18641178413
111.75,32.5,506.31598340651
112,32.5,487.43990889507
112.25,32.5,465.2551193611
112.5,32.5,448.84477539451
112.75,32.5,432.7651781322
113,32.5,420.41153594659
113.25,32.5,412.82298170422
113.5,32.5,410.28534216111
113.75,32.5,411.15734433969
114,32.5,431.6710434499
114.25,32.5,457.43890942214
114.5,32.5,468.26704967208
114.75,32.5,479.36093233603
115,32.5,492.95076729398
115.25,32.5,506.24874264858
115.5,32.5,519.07903197912
115.75,32.5,541.38540522174
116,32.5,573.73672473886
116.25,32.5,598.69526186208
116.5,32.5,633.14237670927
116.75,32.5,668.75990793601
117,32.5,684.91318702768
117.25,32.5,679.29333178974
117.5,32.5,661.60814165487
117.75,32.5,643.62017125966
118,32.5,627.54498320734
118.25,32.5,617.96093004756
118.5,32.5,609.26459647559
118.75,32.5,602.92014316352
119,32.5,595.16240291824
119.25,32.5,591.65717688709
119.5,32.5,598.54852574693
119.75,32.5,613.96246768325
120,32.5,627.83588519915
120.25,32.5,639.99583397056
120.5,32.5,647.18152239482
120.75,32.5,651.36230169959
121,32.5,651.1673708144
121.25,32.5,649.92825493514
121.5,32.5,646.63820154662
121.75,32.5,654.88716820129
107,32.75,586.82343223254
107.25,32.75,596.79103355277
107.5,32.75,632.61294804315
107.75,32.75,683.01413955861
108,32.75,734.96015128133
108.25,32.75,789.79517291746
108.5,32.75,837.68275323308
108.75,32.75,875.38012626198
109,32.75,914.6846803811
109.25,32.75,899.79246374639
109.5,32.75,874.72505854133
109.75,32.75,825.15824569477
110,32.75,800.37932447818
110.25,32.75,776.17543277465
110.5,32.75,721.68427572153
110.75,32.75,718.91401953049
111,32.75,687.55668698143
111.25,32.75,655.13601321156
111.5,32.75,619.68865287403
111.75,32.75,503.09130827822
112,32.75,495.02472184767
112.25,32.75,474.61698182217
112.5,32.75,458.40179078039
112.75,32.75,441.66009194814
113,32.75,428.66203578327
113.25,32.75,420.8358191571
113.5,32.75,417.1435708226
113.75,32.75,416.90460169869
114,32.75,447.38993936142
114.25,32.75,456.64835686314
114.5,32.75,467.0690561514
114.75,32.75,480.03537033259
115,32.75,489.435438503
115.25,32.75,504.14824744729
115.5,32.75,514.65755248468
115.75,32.75,537.59967360633
116,32.75,563.2574327851
116.25,32.75,595.64757327037
116.5,32.75,635.83242342078
116.75,32.75,677.69654676449
117,32.75,688.2107114416
117.25,32.75,674.92120378269
117.5,32.75,659.97227166381
117.75,32.75,647.03951805612
118,32.75,634.36947811771
118.25,32.75,622.80364733538
118.5,32.75,618.90640353658
118.75,32.75,613.70156088695
119,32.75,599.9275237957
119.25,32.75,590.750376166
119.5,32.75,613.91575316028
119.75,32.75,627.68391613709
120,32.75,643.46737298227
120.25,32.75,655.53840334803
120.5,32.75,666.25105909175
120.75,32.75,669.26997199295
121,32.75,666.0162053917
121.25,32.75,664.20707622454
121.5,32.75,658.96855598062
121.75,32.75,664.22327321837
107.25,33,632.09825667447
107.5,33,664.00842663642
107.75,33,709.30237299825
108,33,769.93229382921
108.25,33,824.7030285439
108.5,33,877.36476502055
108.75,33,908.42825561429
109,33,926.95205419066
109.25,33,929.22313668201
109.5,33,921.36639746612
109.75,33,888.33607298785
110,33,819.46888417443
110.25,33,782.17440959081
110.5,33,741.17761824989
110.75,33,739.57142514313
111,33,695.99646563046
111.25,33,660.27237266996
111.5,33,616.49629827235
111.75,33,544.90105028661
112,33,521.53971630453
112.25,33,478.99442342977
112.5,33,465.51227905378
112.75,33,449.80002231856
113,33,436.91022052138
113.25,33,427.87182739395
113.5,33,422.86082877987
113.75,33,431.8277817387
114,33,447.71174316691
114.25,33,457.30631981236
114.5,33,456.26436235909
114.75,33,463.99469837005
115,33,473.42058824922
115.25,33,483.29565678327
115.5,33,498.90910247892
115.75,33,520.23130080039
116,33,544.97621978951
116.25,33,570.43080183543
116.5,33,607.77748899707
116.75,33,646.13998115619
117,33,659.22534377403
117.25,33,657.09555468258
117.5,33,649.46897876462
117.75,33,642.80764421482
118,33,637.77047733779
118.25,33,632.44580066111
118.5,33,635.43560935362
118.75,33,636.03180725697
119,33,627.42208151151
119.25,33,621.91788042575
119.5,33,636.7698365507
119.75,33,647.77303718963
120,33,662.02318319868
120.25,33,673.88795447597
120.5,33,682.6726823646
120.75,33,684.12718422582
121,33,680.24291654627
121.25,33,677.46604701021
121.5,33,670.8423744449
121.75,33,669.51985834299
107.25,33.25,617.52608016597
107.5,33.25,666.0497543906
107.75,33.25,714.14492363104
108,33.25,778.51548103913
108.25,33.25,850.78505390817
108.5,33.25,901.81791809935
108.75,33.25,940.08383722406
109,33.25,960.71630179052
109.25,33.25,958.05863592159
109.5,33.25,945.47804266919
109.75,33.25,924.49112670412
110,33.25,816.13802976428
110.25,33.25,796.4083823414
110.5,33.25,782.95289324602
110.75,33.25,738.9930785756
111,33.25,712.84140727168
111.25,33.25,676.06700646285
111.5,33.25,629.73296761164
111.75,33.25,594.82138591791
112,33.25,533.46274414345
112.25,33.25,511.36882146057
112.5,33.25,491.99505951715
112.75,33.25,471.04947228137
113,33.25,453.38903832216
113.25,33.25,439.26299130405
113.5,33.25,431.62453247159
113.75,33.25,436.98284814248
114,33.25,446.53736385685
114.25,33.25,456.84074908076
114.5,33.25,465.20693754681
114.75,33.25,469.30912242348
115,33.25,473.59060876588
115.25,33.25,480.70627146105
115.5,33.25,501.05634443706
115.75,33.25,507.38984916588
116,33.25,527.45781805334
116.25,33.25,553.51969229418
116.5,33.25,576.57173092172
116.75,33.25,601.29097116831
117,33.25,617.5180684094
117.25,33.25,627.61680484018
117.5,33.25,630.90000933232
117.75,33.25,631.72548283417
118,33.25,638.04933871941
118.25,33.25,647.21886669664
118.5,33.25,659.26211086105
118.75,33.25,671.40831658051
119,33.25,675.7511471129
119.25,33.25,671.01329626178
119.5,33.25,667.20501849612
119.75,33.25,666.85868387491
120,33.25,675.54005492645
120.25,33.25,681.04095954211
120.5,33.25,707.43085610147
120.75,33.25,707.97965849322
121,33.25,704.83943753208
121.25,33.25,701.19675785209
121.5,33.25,686.3284497366
121.75,33.25,688.19745076099
107,33.5,612.36342018437
107.25,33.5,634.48127012627
107.5,33.5,683.88627840515
107.75,33.5,744.8979993208
108,33.5,803.90806617795
108.25,33.5,867.28925805226
108.5,33.5,926.17308255408
108.75,33.5,975.32803650001
109,33.5,997.9075077945
109.25,33.5,982.41154639067
109.5,33.5,967.56408852104
109.75,33.5,939.19120425723
110,33.5,836.10637975187
110.25,33.5,819.70433122293
110.5,33.5,777.7763487972
110.75,33.5,756.15153764011
111,33.5,719.26092400241
111.25,33.5,683.08248946153
111.5,33.5,637.92838694609
111.75,33.5,603.85483862463
112,33.5,543.78404983175
112.25,33.5,525.34252801679
112.5,33.5,505.09269110212
112.75,33.5,483.52421374446
113,33.5,460.28412793687
113.25,33.5,447.42017228824
113.5,33.5,437.22123370337
113.75,33.5,433.56120202719
114,33.5,450.34669327515
114.25,33.5,463.91883547063
114.5,33.5,469.54851572881
114.75,33.5,468.35955234777
115,33.5,465.04077733149
115.25,33.5,470.95221457444
115.5,33.5,481.596905821
115.75,33.5,497.63326385036
116,33.5,519.92749362706
116.25,33.5,525.45501625361
116.5,33.5,538.37705498189
116.75,33.5,556.00796184747
117,33.5,577.70560432758
117.25,33.5,594.44711463844
117.5,33.5,609.8646882955
117.75,33.5,619.05085528611
118,33.5,636.84765257648
118.25,33.5,655.92203926042
118.5,33.5,681.48463529809
118.75,33.5,709.12219484875
119,33.5,728.90908049273
119.25,33.5,714.65310550949
119.5,33.5,697.12418482822
119.75,33.5,682.51524328947
120,33.5,685.48711669654
120.25,33.5,684.96225152661
120.5,33.5,683.14807412305
120.75,33.5,716.17079532781
121,33.5,713.58084572491
121.25,33.5,698.30506135462
121.5,33.5,698.36032775849
107,33.75,623.87858872384
107.25,33.75,647.84305256216
107.5,33.75,682.52417062885
107.75,33.75,741.93587284093
108,33.75,822.25358689247
108.25,33.75,879.87011994139
108.5,33.75,947.06305718395
108.75,33.75,1009.969692995
109,33.75,1040.4013089452
109.25,33.75,1016.1868430799
109.5,33.75,972.55985767756
109.75,33.75,939.36995470498
110,33.75,966.31147010958
110.25,33.75,829.00418214164
110.5,33.75,795.57513540304
110.75,33.75,756.33866460605
111,33.75,720.76645566861
111.25,33.75,685.96841308768
111.5,33.75,633.34648647545
111.75,33.75,600.88777146242
112,33.75,539.19946098748
112.25,33.75,526.80437290537
112.5,33.75,510.53893925443
112.75,33.75,494.0092169494
113,33.75,474.41344319448
113.25,33.75,459.47910297308
113.5,33.75,440.89154622455
113.75,33.75,437.98477050883
114,33.75,456.77846720611
114.25,33.75,478.99483246369
114.5,33.75,481.81732373609
114.75,33.75,470.401888481
115,33.75,456.40317710148
115.25,33.75,452.44424878398
115.5,33.75,465.71833752792
115.75,33.75,489.16247858647
116,33.75,502.90879093015
116.25,33.75,506.70657212586
116.5,33.75,509.18630582451
116.75,33.75,520.6994886139
117,33.75,544.06349104012
117.25,33.75,568.1054642416
117.5,33.75,587.07317389275
117.75,33.75,610.62273572018
118,33.75,635.93453386127
118.25,33.75,662.33574155937
118.5,33.75,691.87298108247
118.75,33.75,728.64723934194
119,33.75,761.28135639114
119.25,33.75,736.54320760886
119.5,33.75,712.75393545704
119.75,33.75,706.67077785133
120,33.75,692.25437666966
120.25,33.75,690.78638476316
120.5,33.75,684.32844446311
120.75,33.75,679.03593087571
121,33.75,724.69985621253
121.25,33.75,712.92738139089
121.5,33.75,709.94153123318
107,34,603.19528108915
107.25,34,643.960612022
107.5,34,682.38383289638
107.75,34,741.7571630712
108,34,810.53668220154
108.25,34,880.58426579044
108.5,34,947.67528816769
108.75,34,1044.3156692756
109,34,1095.1337089774
109.25,34,1056.815423087
109.5,34,980.82723311568
109.75,34,962.29386983152
110,34,935.70326638049
110.25,34,929.57581418846
110.5,34,803.20711868852
110.75,34,767.44258580632
111,34,733.06097255864
111.25,34,697.67289530657
111.5,34,658.1879276888
111.75,34,614.91442918089
112,34,557.48370775874
112.25,34,544.37838978868
112.5,34,527.00973510183
112.75,34,510.9753028275
113,34,493.06059323327
113.25,34,472.15189165045
113.5,34,461.56747721786
113.75,34,461.41198647566
114,34,479.37006026609
114.25,34,499.16038516051
114.5,34,499.92919783711
114.75,34,486.80357814351
115,34,468.65338177531
115.25,34,457.38995083921
115.5,34,473.78484079535
115.75,34,487.06048391678
116,34,496.96062030111
116.25,34,495.75893529784
116.5,34,491.88513097546
116.75,34,502.89463529863
117,34,526.8885001309
117.25,34,550.13436513987
117.5,34,573.02998496919
117.75,34,597.1005597785
118,34,627.19157877369
118.25,34,657.85634723552
118.5,34,688.02624067815
118.75,34,717.72709569065
119,34,733.80732365632
119.25,34,731.78598346128
119.5,34,721.6141651803
119.75,34,715.7692751933
120,34,714.00412521076
120.25,34,690.31277596843
120.5,34,689.89562977745
120.75,34,678.82824978154
121,34,674.51094659464
121.25,34,720.22091614164
107.25,34.25,631.06260958974
107.5,34.25,681.44297924093
107.75,34.25,751.50946738122
108,34.25,807.16682855472
108.25,34.25,870.03469007557
108.5,34.25,945.71877546589
108.75,34.25,1062.0172397637
109,34.25,1146.1447910682
109.25,34.25,1066.5538398823
109.5,34.25,996.88308944004
109.75,34.25,946.38512167529
110,34.25,912.12842381632
110.25,34.25,898.38991503743
110.5,34.25,879.64348853604
110.75,34.25,765.97817204757
111,34.25,735.90201853882
111.25,34.25,702.78925858103
111.5,34.25,665.17118520485
111.75,34.25,629.7002395466
112,34.25,578.44979012378
112.25,34.25,564.71051071301
112.5,34.25,547.48319639874
112.75,34.25,531.89904111204
113,34.25,509.49750934287
113.25,34.25,497.83229729765
113.5,34.25,492.06086211759
113.75,34.25,493.83274415757
114,34.25,505.07300745215
114.25,34.25,516.11672738501
114.5,34.25,518.53567312785
114.75,34.25,510.31832253128
115,34.25,499.67151237832
115.25,34.25,494.93474450831
115.5,34.25,498.38650171721
115.75,34.25,504.14670578051
116,34.25,505.65955120062
116.25,34.25,500.09589579369
116.5,34.25,492.86947542722
116.75,34.25,497.64388306144
117,34.25,519.940350203
117.25,34.25,541.79581789569
117.5,34.25,565.38009275265
117.75,34.25,594.94307090846
118,34.25,621.43061860119
118.25,34.25,651.94417203457
118.5,34.25,680.08538118904
118.75,34.25,704.17634985005
119,34.25,716.78378313786
119.25,34.25,719.80140824052
119.5,34.25,719.28834127667
119.75,34.25,706.3992151972
120,34.25,699.09959673728
120.25,34.25,678.57757302418
120.5,34.25,676.20908466327
120.75,34.25,668.69409311191
121,34.25,659.42107674863
107,34.5,598.00771302379
107.25,34.5,635.88158613262
107.5,34.5,689.68302019117
107.75,34.5,753.55496578113
108,34.5,801.71094736871
108.25,34.5,862.75679948721
108.5,34.5,941.10071062541
108.75,34.5,1025.8728089491
109,34.5,1062.5735660484
109.25,34.5,1031.9202852878
109.5,34.5,982.72334980715
109.75,34.5,928.03986450308
110,34.5,898.30479578845
110.25,34.5,872.7612834147
110.5,34.5,863.84400167798
110.75,34.5,847.31671761708
111,34.5,745.4801665116
111.25,34.5,715.61295224024
111.5,34.5,679.84701072625
111.75,34.5,644.57955981261
112,34.5,598.64581062751
112.25,34.5,584.28390677153
112.5,34.5,571.71022149539
112.75,34.5,556.25041066395
113,34.5,537.52243351713
113.25,34.5,527.7845523857
113.5,34.5,523.8189902453
113.75,34.5,524.62002897336
114,34.5,531.81327755441
114.25,34.5,541.24235657028
114.5,34.5,542.37670407622
114.75,34.5,539.76988926762
115,34.5,539.5465228882
115.25,34.5,535.72337510281
115.5,34.5,536.15197770805
115.75,34.5,534.73868969988
116,34.5,527.44215715972
116.25,34.5,517.39995751153
116.5,34.5,511.23352187586
116.75,34.5,512.70194041316
117,34.5,523.97540216098
117.25,34.5,530.80360885083
117.5,34.5,549.77755463292
117.75,34.5,574.04820500844
118,34.5,602.8497486437
118.25,34.5,633.0508218775
118.5,34.5,662.62693422119
118.75,34.5,689.4947354078
119,34.5,710.06500480067
119.25,34.5,724.69302077947
119.5,34.5,736.19235454052
119.75,34.5,704.79027238905
120,34.5,703.61378004432
120.25,34.5,688.62599308881
120.5,34.5,670.93034046445
120.75,34.5,666.75759531509
121,34.5,656.85563112475
107,34.75,587.11089893416
107.25,34.75,638.92718810488
107.5,34.75,706.56636829127
107.75,34.75,757.98057646969
108,34.75,802.75474883914
108.25,34.75,853.62247658722
108.5,34.75,910.57390866122
108.75,34.75,956.5046274244
109,34.75,984.00489816551
109.25,34.75,976.79511586997
109.5,34.75,948.01045166945
109.75,34.75,905.06623874464
110,34.75,876.29339824023
110.25,34.75,853.12616171284
110.5,34.75,839.24826005306
110.75,34.75,833.69842584465
111,34.75,772.48082885507
111.25,34.75,746.74348875625
111.5,34.75,694.72502397373
111.75,34.75,670.00731205747
112,34.75,623.02326010697
112.25,34.75,606.11206209504
112.5,34.75,594.87658084244
112.75,34.75,576.72765352386
113,34.75,568.73739984258
113.25,34.75,562.42122925849
113.5,34.75,557.06486609987
113.75,34.75,557.30032635822
114,34.75,560.20048226599
114.25,34.75,569.1303512887
114.5,34.75,577.35538793834
114.75,34.75,576.48160845777
115,34.75,582.96194464986
115.25,34.75,581.60876514726
115.5,34.75,577.88031524853
115.75,34.75,572.07920941535
116,34.75,557.71140271356
116.25,34.75,545.21283338376
116.5,34.75,531.9190416342
116.75,34.75,513.544262886
117,34.75,516.15966007581
117.25,34.75,521.73895406069
117.5,34.75,536.4447487307
117.75,34.75,558.24935531731
118,34.75,587.47289885996
118.25,34.75,614.09359781159
118.5,34.75,653.04314481446
118.75,34.75,678.01167124902
119,34.75,699.58868346089
119.25,34.75,719.59346077646
119.5,34.75,732.00753565951
119.75,34.75,677.33594733334
120,34.75,673.39440012254
120.25,34.75,676.33010460088
120.5,34.75,654.41540248722
120.75,34.75,644.48094794158
121,34.75,640.88153285813
105,35,949.38486847561
105.25,35,860.889706361
105.5,35,805.21397109544
106,35,677.03273725704
106.25,35,589.91131973994
106.5,35,529.48323616993
106.75,35,526.95802799692
107,35,580.47790381676
107.25,35,646.51363883522
107.5,35,711.55148137042
107.75,35,765.49191859406
108,35,798.40921090289
108.25,35,839.18777146461
108.5,35,877.82408055526
108.75,35,902.30891126187
109,35,927.19182132674
109.25,35,928.53366999904
109.5,35,911.64491758864
109.75,35,876.13120977481
110,35,850.90995027921
110.25,35,833.58135614697
110.5,35,818.08063350092
110.75,35,817.55797974205
111,35,775.743951431
111.25,35,753.54782962508
111.5,35,730.86028148406
111.75,35,705.09999629329
112,35,657.11491251333
112.25,35,638.16669023349
112.5,35,625.38972646208
112.75,35,608.21361419905
113,35,603.56846888218
113.25,35,597.16513166808
113.5,35,592.06597531323
113.75,35,592.56812872943
114,35,594.9654960983
114.25,35,603.88882004805
114.5,35,614.14862567402
114.75,35,626.55780855139
115,35,627.43089817133
115.25,35,629.01260443939
115.5,35,623.35585714161
115.75,35,610.89996737511
116,35,595.78568194063
116.25,35,575.06659521671
116.5,35,542.3855067828
116.75,35,523.90644647674
117,35,510.36448160252
117.25,35,510.93283309996
117.5,35,518.66014091112
117.75,35,538.00694195579
118,35,566.13150572711
118.25,35,601.41366642248
118.5,35,641.25896343769
118.75,35,664.27523843748
119,35,684.15072809285
119.25,35,673.73762824766
119.5,35,673.79414977933
119.75,35,667.5723974524
120,35,663.75215821841
120.25,35,658.32944524555
120.5,35,663.89728005804
120.75,35,632.65961451143
106,35.25,710.00459899825
106.25,35.25,620.47149978539
106.5,35.25,523.6313094577
106.75,35.25,524.15149525828
107,35.25,604.31614823576
107.25,35.25,678.46303430461
107.5,35.25,746.93804288038
107.75,35.25,795.86137437903
108,35.25,829.33257455382
108.25,35.25,857.26748986455
108.5,35.25,873.56784053754
108.75,35.25,880.72781813316
109,35.25,889.30945842388
109.25,35.25,891.74352786106
109.5,35.25,881.77699231525
109.75,35.25,850.40787154541
110,35.25,829.64127835322
110.25,35.25,805.88751467039
110.5,35.25,794.57522570165
110.75,35.25,799.52813574797
111,35.25,800.58284378186
111.25,35.25,760.75989862449
111.5,35.25,741.72691298321
111.75,35.25,719.77757376626
112,35.25,680.72566939507
112.25,35.25,659.70658824891
112.5,35.25,642.24939225815
112.75,35.25,634.64346921817
113,35.25,633.1285364834
113.25,35.25,628.73618724324
113.5,35.25,625.95083784473
113.75,35.25,627.41169885391
114,35.25,634.21560463645
114.25,35.25,643.64167738927
114.5,35.25,655.98409635182
114.75,35.25,670.29540316582
115,35.25,681.441877535
115.25,35.25,682.91893599902
115.5,35.25,678.63894229388
115.75,35.25,661.22608110996
116,35.25,637.40971391791
116.25,35.25,595.85718925972
116.5,35.25,561.63169068048
116.75,35.25,532.76985494198
117,35.25,509.11880362421
117.25,35.25,492.69969472804
117.5,35.25,500.96198586588
117.75,35.25,517.23430365623
118,35.25,545.58521317024
118.25,35.25,580.67978464057
118.5,35.25,618.56827649389
118.75,35.25,641.04096617102
119,35.25,655.34689027417
119.25,35.25,660.49369981939
119.5,35.25,660.38747354082
119.75,35.25,659.28080885517
120,35.25,654.84416035024
120.25,35.25,651.21879059293
120.5,35.25,647.1222930031
120.75,35.25,626.83126824398
121,35.25,676.07859271022
121.25,35.25,684.66642520656
121.5,35.25,693.03635783493
105.75,35.5,838.45659984406
106,35.5,758.1563831145
106.25,35.5,674.37832890076
106.5,35.5,604.37661793053
106.75,35.5,601.10304062725
107,35.5,657.78728497529
107.25,35.5,722.11498721027
107.5,35.5,789.15918480839
107.75,35.5,844.01192915025
108,35.5,879.77154883813
108.25,35.5,899.59519940473
108.5,35.5,887.8531658666
108.75,35.5,884.36623738324
109,35.5,871.38890389444
109.25,35.5,866.91391970652
109.5,35.5,864.52625494898
109.75,35.5,837.73583854573
110,35.5,813.45551678656
110.25,35.5,787.4403932766
110.5,35.5,780.20215340418
110.75,35.5,787.82604901603
111,35.5,793.27633589499
111.25,35.5,768.03702784535
111.5,35.5,754.35001548154
111.75,35.5,725.92637682259
112,35.5,705.3533368293
112.25,35.5,682.37255156462
112.5,35.5,657.82199185146
112.75,35.5,658.40348097088
113,35.5,657.13044918537
113.25,35.5,655.8035410366
113.5,35.5,657.10540152246
113.75,35.5,661.89453112853
114,35.5,673.53544506965
114.25,35.5,685.39444053493
114.5,35.5,692.99128428565
114.75,35.5,710.38130570303
115,35.5,729.69786434405
115.25,35.5,741.86445637528
115.5,35.5,741.43936985345
115.75,35.5,712.14003296255
116,35.5,666.61166186941
116.25,35.5,621.98207566709
116.5,35.5,578.62469980746
116.75,35.5,539.41188864195
117,35.5,510.13396453952
117.25,35.5,482.79463422777
117.5,35.5,469.39570536934
117.75,35.5,479.5701309475
118,35.5,518.17681277351
118.25,35.5,559.02294699044
118.5,35.5,599.25503502181
118.75,35.5,625.46260035034
119,35.5,643.09472251088
119.25,35.5,651.58240006259
119.5,35.5,648.18108204843
119.75,35.5,647.12824394993
120,35.5,646.32098018304
120.25,35.5,645.59950214537
120.5,35.5,655.23065036737
120.75,35.5,643.68246109984
121,35.5,664.77716678551
121.25,35.5,674.74994147562
121.5,35.5,605.14732075032
121.75,35.5,603.55915541467
108.75,35.75,892.44928364772
109,35.75,869.60970510761
109.25,35.75,864.02916115928
109.5,35.75,859.34877822248
109.75,35.75,833.54032029053
110,35.75,814.7521810036
110.25,35.75,796.92605122849
110.5,35.75,791.55391827745
110.75,35.75,794.19009212355
111,35.75,796.07283642839
111.25,35.75,788.88651676021
111.5,35.75,768.92554638888
111.75,35.75,749.42391070863
112,35.75,731.25564932299
112.25,35.75,708.51796295963
112.5,35.75,689.18202150563
112.75,35.75,679.89677115486
113,35.75,681.24648508239
113.25,35.75,680.40696800218
113.5,35.75,684.00032630249
113.75,35.75,693.18560777381
114,35.75,707.47204213075
114.25,35.75,712.04598618469
114.5,35.75,736.13801694164
114.75,35.75,750.26576860749
115,35.75,766.10451790729
115.25,35.75,785.35446749278
115.5,35.75,805.23350152814
115.75,35.75,759.10946635333
116,35.75,704.09271720208
116.25,35.75,654.49137688883
116.5,35.75,600.90296019013
116.75,35.75,551.61964793641
117,35.75,507.47599637669
117.25,35.75,473.28473142021
117.5,35.75,448.71353703983
117.75,35.75,452.92375502362
118,35.75,497.13598745771
118.25,35.75,546.47585206432
118.5,35.75,589.84806604165
118.75,35.75,619.14668895297
119,35.75,638.09894065208
119.25,35.75,646.98063197256
119.5,35.75,649.62449281038
119.75,35.75,642.33356609231
120,35.75,652.47672046426
120.25,35.75,661.2939788045
120.5,35.75,669.65224686793
120.75,35.75,647.41209754225
121,35.75,657.27454149192
121.25,35.75,600.92523969922
121.5,35.75,606.48756586855
121.75,35.75,605.39448185395
106.25,36,789.33640227822
106.5,36,760.081695037
106.75,36,750.78870899467
107,36,775.19255471365
107.25,36,823.03720221669
107.5,36,889.95112834537
107.75,36,963.01432763691
108,36,981.4912188392
108.25,36,951.0407311874
108.5,36,920.90476353778
108.75,36,901.09668815404
109,36,881.67126435816
109.25,36,870.74255836634
109.5,36,861.14688205547
109.75,36,839.55544756058
110,36,826.35349339758
110.25,36,814.48373234941
110.5,36,808.89578891054
110.75,36,809.42684279245
111,36,805.17151180218
111.25,36,798.38072275268
111.5,36,786.3117648203
111.75,36,768.45747927791
112,36,751.4452278204
112.25,36,731.98623113275
112.5,36,705.31484348133
112.75,36,685.97708744804
113,36,673.13574868831
113.25,36,671.26590614152
113.5,36,705.18317590043
113.75,36,716.71534604915
114,36,737.82534318392
114.25,36,754.065874414
114.5,36,761.08835969682
114.75,36,773.88933249482
115,36,780.08462755817
115.25,36,785.29813177547
115.5,36,790.98231536088
115.75,36,754.18848379088
116,36,711.44583103697
116.25,36,665.75538385321
116.5,36,623.30616732523
116.75,36,568.01958752109
117,36,519.91467055642
117.25,36,480.57799548038
117.5,36,451.12691584992
117.75,36,456.18385637324
118,36,502.00326196702
118.25,36,551.94907044756
118.5,36,595.95256643808
118.75,36,628.19244675675
119,36,645.44017403502
119.25,36,654.81664804496
119.5,36,655.20247063973
119.75,36,650.06160785232
120,36,649.07452454624
120.25,36,654.35769919688
120.5,36,663.71470616405
120.75,36,646.4764582867
121,36,589.55189963397
121.25,36,604.89518543018
121.5,36,611.99804730943
121.75,36,611.27485675683
122,36,615.0541330152
105,36.25,992.06643497969
105.25,36.25,973.6949307007
105.5,36.25,945.40618432623
105.75,36.25,915.68507223704
106,36.25,863.20000004711
106.25,36.25,823.89500270442
106.5,36.25,803.63149988991
106.75,36.25,797.98978965956
107,36.25,812.00313761917
107.25,36.25,845.20922134711
107.5,36.25,900.79882554492
107.75,36.25,962.73353023482
108,36.25,974.84025345669
108.25,36.25,946.388142275
108.5,36.25,918.77964530624
108.75,36.25,902.91526025138
109,36.25,887.79965179039
109.25,36.25,876.69301120196
109.5,36.25,852.00947588847
109.75,36.25,847.27950035051
110,36.25,839.60835570791
110.25,36.25,833.65993887859
110.5,36.25,828.10939785653
110.75,36.25,823.8567788851
111,36.25,817.44746773591
111.25,36.25,810.22691358751
111.5,36.25,792.25550984942
111.75,36.25,772.98907257537
112,36.25,754.10443122348
112.25,36.25,730.23589034702
112.5,36.25,701.31767754525
112.75,36.25,692.70842432127
113,36.25,678.37165769108
113.25,36.25,669.23334046948
113.5,36.25,670.92935240036
113.75,36.25,684.75555077626
114,36.25,718.0907807773
114.25,36.25,765.32073074272
114.5,36.25,764.72493513639
114.75,36.25,774.06796454413
115,36.25,778.14570391925
115.25,36.25,765.41982659954
115.5,36.25,760.89780310735
115.75,36.25,726.78044239038
116,36.25,701.32387545554
116.25,36.25,661.39356246282
116.5,36.25,616.65527045799
116.75,36.25,568.11908571046
117,36.25,526.48934811851
117.25,36.25,496.55207784455
117.5,36.25,480.96642020019
117.75,36.25,491.16704443071
118,36.25,526.76967231254
118.25,36.25,574.21517562146
118.5,36.25,624.30145532142
118.75,36.25,657.70688136593
119,36.25,668.91901677631
119.25,36.25,673.88049942451
119.5,36.25,671.88301798854
119.75,36.25,663.01775108235
120,36.25,660.3389337231
120.25,36.25,662.3889930491
120.5,36.25,668.52767340759
120.75,36.25,600.92236185172
121,36.25,599.89451658545
121.25,36.25,593.66941347692
121.5,36.25,617.12254347398
121.75,36.25,617.90169517387
122,36.25,621.14223697242
105,36.5,949.19746820768
105.25,36.5,944.86401540664
105.5,36.5,927.45056805174
105.75,36.5,898.42180538349
106,36.5,868.87269260639
106.25,36.5,841.73904576214
106.5,36.5,829.59486027288
106.75,36.5,822.809083561
107,36.5,824.05345613856
107.25,36.5,844.66514758092
107.5,36.5,883.41799201649
107.75,36.5,912.42483453896
108,36.5,924.21866122534
108.25,36.5,914.71149693512
108.5,36.5,900.10965312777
108.75,36.5,893.00869788516
109,36.5,883.64606298528
109.25,36.5,871.61622339606
109.5,36.5,853.39672925985
109.75,36.5,850.85120724538
110,36.5,852.56435775494
110.25,36.5,851.07370012505
110.5,36.5,844.01721249375
110.75,36.5,839.81420410691
111,36.5,834.04273332705
111.25,36.5,812.37872004691
111.5,36.5,790.47426165696
111.75,36.5,768.40990738822
112,36.5,744.45518969997
112.25,36.5,716.55674661611
112.5,36.5,694.8913018278
112.75,36.5,691.60402663831
113,36.5,677.95749216852
113.25,36.5,667.52424788472
113.5,36.5,662.96075444693
113.75,36.5,687.22621132478
114,36.5,710.05048838791
114.25,36.5,725.91407055373
114.5,36.5,736.80151396421
114.75,36.5,767.05106800529
115,36.5,764.9217573757
115.25,36.5,742.06990110314
115.5,36.5,723.54261285716
115.75,36.5,702.619584865
116,36.5,674.60812087726
116.25,36.5,640.16127234591
116.5,36.5,597.98953456202
116.75,36.5,555.40268182491
117,36.5,527.55209734301
117.25,36.5,516.27494616532
117.5,36.5,519.86512425108
117.75,36.5,536.80043372147
118,36.5,561.12612936424
118.25,36.5,611.51026458912
118.5,36.5,666.79093117568
118.75,36.5,701.21945483043
119,36.5,711.93907799572
119.25,36.5,703.273013259
119.5,36.5,697.1644558855
119.75,36.5,689.90994920429
120,36.5,677.99487951677
120.25,36.5,637.04178303651
120.5,36.5,629.78517382471
120.75,36.5,617.13590774177
121,36.5,614.33184314165
121.25,36.5,588.25936127804
121.5,36.5,620.71154927408
121.75,36.5,625.01088428552
122,36.5,627.53190089808
105.25,36.75,900.56189430633
105.5,36.75,893.2917985559
105.75,36.75,891.22615416657
106,36.75,870.26688375786
106.25,36.75,843.01072695012
106.5,36.75,838.56653398569
106.75,36.75,826.23093141892
107,36.75,822.65455708513
107.25,36.75,827.23517066036
107.5,36.75,842.80710487293
107.75,36.75,856.98779900201
108,36.75,868.04328803685
108.25,36.75,872.25617758107
108.5,36.75,870.88584170134
108.75,36.75,873.76368071042
109,36.75,869.30374176501
109.25,36.75,850.5444059322
109.5,36.75,853.18884804061
109.75,36.75,857.27449978028
110,36.75,859.16656319188
110.25,36.75,863.86072445686
110.5,36.75,862.73355156071
110.75,36.75,857.00693672159
111,36.75,836.6275528785
111.25,36.75,811.60432090664
111.5,36.75,786.2300661196
111.75,36.75,760.5183702888
112,36.75,733.02405078506
112.25,36.75,706.74606311551
112.5,36.75,678.08268948027
112.75,36.75,676.92129195758
113,36.75,672.97961084629
113.25,36.75,663.63600498199
113.5,36.75,661.05237307877
113.75,36.75,677.51611564614
114,36.75,694.47262171938
114.25,36.75,713.06954449362
114.5,36.75,719.02783234151
114.75,36.75,723.61389443321
115,36.75,747.11667661094
115.25,36.75,721.5541550429
115.5,36.75,694.81469225889
115.75,36.75,677.17812573638
116,36.75,650.44437864749
116.25,36.75,616.00562732036
116.5,36.75,574.74110016859
116.75,36.75,539.2122678135
117,36.75,526.42212854166
117.25,36.75,534.83754570666
117.5,36.75,559.01733706962
117.75,36.75,587.77062313786
118,36.75,604.2248686148
118.25,36.75,667.31106518247
118.5,36.75,741.6955877422
118.75,36.75,761.78616424099
119,36.75,752.23542243948
119.25,36.75,733.3382010142
119.5,36.75,719.43268682195
119.75,36.75,693.9587499684
120,36.75,671.09475853365
120.25,36.75,657.02971999947
120.5,36.75,645.13083520742
120.75,36.75,605.21263632175
121,36.75,587.99997881371
121.25,36.75,553.63660937987
121.5,36.75,579.13813253175
121.75,36.75,566.82097624175
122,36.75,561.89943264376
104.5,37,809.67137810585
104.75,37,850.73795279718
105,37,870.31955596121
105.25,37,858.9403027222
105.5,37,858.632907329
105.75,37,872.57855770766
106,37,857.67712385215
106.25,37,866.92276244784
106.5,37,842.61553098978
106.75,37,825.55467736168
107,37,810.36743209374
107.25,37,798.59004923319
107.5,37,790.58467337805
107.75,37,794.20757608962
108,37,809.20566751212
108.25,37,825.62643904932
108.5,37,844.78757487823
108.75,37,852.16777982551
109,37,855.80424543997
109.25,37,846.32600561357
109.5,37,849.47021052011
109.75,37,856.93834358371
110,37,864.51892799241
110.25,37,875.42558428913
110.5,37,875.07933096958
110.75,37,864.67805840615
111,37,835.41997156294
111.25,37,806.43162773793
111.5,37,778.21832819257
111.75,37,748.74269686795
112,37,720.60751669784
112.25,37,692.49974689505
112.5,37,664.37213504706
112.75,37,665.72648907721
113,37,648.52074913811
113.25,37,639.91205478023
113.5,37,648.28619706474
113.75,37,654.18384351856
114,37,669.20521224599
114.25,37,679.39805148427
114.5,37,687.58584401523
114.75,37,691.12149755445
115,37,701.2484641375
115.25,37,694.35574833081
115.5,37,667.67276524175
115.75,37,655.2577722381
116,37,632.92672514496
116.25,37,600.74985332872
116.5,37,560.09677154265
116.75,37,519.30326958151
117,37,523.04579328021
117.25,37,555.20203151964
117.5,37,598.78992809598
117.75,37,651.4741531061
118,37,702.27061420007
118.25,37,791.54158982464
118.5,37,849.00202757321
118.75,37,827.95255846105
119,37,794.81463829481
119.25,37,765.49344100826
119.5,37,739.77182325756
119.75,37,716.43354902972
120,37,690.68558377743
120.25,37,668.15252149218
120.5,37,637.99311109092
120.75,37,615.71249058677
121,37,594.66352065433
121.25,37,559.51307245306
121.5,37,572.39573961403
121.75,37,565.76057699064
122,37,553.7234071874
105,37.25,819.93668475812
105.25,37.25,809.72204662748
105.5,37.25,815.0305682453
105.75,37.25,849.95926201603
106,37.25,841.45846009324
106.25,37.25,864.46807649665
106.5,37.25,840.900856711
106.75,37.25,820.05530287132
107,37.25,792.95731580756
107.25,37.25,754.34664317441
107.5,37.25,724.59202916792
107.75,37.25,727.71930976407
108,37.25,760.90594187168
108.25,37.25,794.24197730049
108.5,37.25,823.69315776202
108.75,37.25,841.32165752218
109,37.25,840.32331392911
109.25,37.25,850.49079103862
109.5,37.25,858.60724501975
109.75,37.25,863.95984284654
110,37.25,867.98659659063
110.25,37.25,869.82495436343
110.5,37.25,870.34539789271
110.75,37.25,854.56085659485
111,37.25,826.28457321516
111.25,37.25,795.04114405459
111.5,37.25,763.0631256395
111.75,37.25,734.27395153451
112,37.25,704.99843524304
112.25,37.25,676.45900778089
112.5,37.25,651.0091749985
112.75,37.25,625.64479601733
113,37.25,635.28621090943
113.25,37.25,625.70989685953
113.5,37.25,633.1753498316
113.75,37.25,639.67925978888
114,37.25,654.5814061878
114.25,37.25,663.46784527121
114.5,37.25,671.93124991697
114.75,37.25,674.95638768083
115,37.25,666.20635095441
115.25,37.25,663.87831403764
115.5,37.25,655.77442275918
115.75,37.25,642.74355611561
116,37.25,627.98277288277
116.25,37.25,594.0214279601
116.5,37.25,558.66151458647
116.75,37.25,533.15540641612
117,37.25,546.3368795909
117.25,37.25,575.1938261551
117.5,37.25,625.93748221405
117.75,37.25,688.27395163305
118,37.25,768.70676258514
118.25,37.25,890.83008168993
118.5,37.25,940.96352998123
118.75,37.25,864.16920605931
119,37.25,814.29003528619
119.25,37.25,777.27592927702
119.5,37.25,751.63352148726
119.75,37.25,731.27141507727
120,37.25,702.24143961909
120.25,37.25,677.59497144063
120.5,37.25,646.95926932847
120.75,37.25,620.52344156586
121,37.25,596.36848812188
121.25,37.25,611.16690725497
121.5,37.25,566.33190835118
121.75,37.25,541.53845476484
122,37.25,543.69254112676
122.25,37.25,531.20260454028
104.5,37.5,676.5469143157
104.75,37.5,772.26083133163
105,37.5,788.81212155942
105.25,37.5,778.39477466188
105.5,37.5,790.61654011533
105.75,37.5,822.99985394889
106,37.5,872.68641050109
106.25,37.5,850.19444948342
106.5,37.5,825.44084246821
106.75,37.5,802.23369263353
107,37.5,766.61228290919
107.25,37.5,715.14012756814
107.5,37.5,659.41457392708
107.75,37.5,664.70492136032
108,37.5,720.19016045273
108.25,37.5,770.02942088373
108.5,37.5,803.99783534381
108.75,37.5,818.26596108803
109,37.5,838.45925821631
109.25,37.5,851.17841388454
109.5,37.5,859.38630192185
109.75,37.5,863.3520803347
110,37.5,863.0011351361
110.25,37.5,864.17988567183
110.5,37.5,855.56032786219
110.75,37.5,835.4111024938
111,37.5,807.88898306295
111.25,37.5,777.79098750131
111.5,37.5,744.63313641353
111.75,37.5,714.1777741234
112,37.5,685.13550735081
112.25,37.5,658.30157060845
112.5,37.5,634.69393659682
112.75,37.5,600.07203804029
113,37.5,578.67460785492
113.25,37.5,620.53784840028
113.5,37.5,619.01299486606
113.75,37.5,624.51179901039
114,37.5,638.0235916421
114.25,37.5,644.94720696415
114.5,37.5,653.37514630987
114.75,37.5,660.70532668448
115,37.5,649.20223763883
115.25,37.5,649.5064404386
115.5,37.5,648.86850115537
115.75,37.5,648.63137836818
116,37.5,628.54421116609
116.25,37.5,601.89654976296
116.5,37.5,569.45352654988
116.75,37.5,549.05931214187
117,37.5,563.98965364998
117.25,37.5,588.11310627496
117.5,37.5,636.58064849195
117.75,37.5,694.58378559634
118,37.5,763.25584782532
118.25,37.5,846.8640580644
118.5,37.5,868.79655037876
118.75,37.5,835.88245093052
119,37.5,800.98838925576
119.25,37.5,773.11483160577
119.5,37.5,750.30326466063
119.75,37.5,733.02411629142
120,37.5,707.20070843313
120.25,37.5,669.26756156555
120.5,37.5,644.75940102883
120.75,37.5,618.05995664245
121,37.5,592.24991653658
121.25,37.5,592.09028898165
121.5,37.5,556.95664817651
121.75,37.5,531.92120314425
122,37.5,531.49557670241
104.25,37.75,714.5524563907
104.5,37.75,653.61680649369
104.75,37.75,695.41207063997
105,37.75,768.36943599705
105.25,37.75,784.81176570543
105.5,37.75,768.95442948097
105.75,37.75,807.3772043552
106,37.75,874.17970390429
106.25,37.75,848.07839466132
106.5,37.75,824.24065548977
106.75,37.75,782.38831493368
107,37.75,748.51134412862
107.25,37.75,704.31862844208
107.5,37.75,661.99516510088
107.75,37.75,666.15032319641
108,37.75,712.42330605457
108.25,37.75,762.09879628786
108.5,37.75,791.51905262901
108.75,37.75,822.36059981287
109,37.75,843.31493024953
109.25,37.75,852.28448751484
109.5,37.75,857.61095407707
109.75,37.75,859.27624329425
110,37.75,857.2560441619
110.25,37.75,851.438070489
110.5,37.75,840.17252742521
110.75,37.75,816.08035162692
111,37.75,785.72974114619
111.25,37.75,755.43562847607
111.5,37.75,724.69088827
111.75,37.75,695.11005639426
112,37.75,666.12451562156
112.25,37.75,638.90858566765
112.5,37.75,610.74958679323
112.75,37.75,589.00822474569
113,37.75,572.89109412633
113.25,37.75,605.73187159446
113.5,37.75,602.90595306125
113.75,37.75,608.40504789558
114,37.75,619.88263221964
114.25,37.75,623.38201138161
114.5,37.75,630.37504178944
114.75,37.75,625.65492245862
115,37.75,635.2559926115
115.25,37.75,637.08088837851
115.5,37.75,632.01419888559
115.75,37.75,640.59166375142
116,37.75,639.33352294062
116.25,37.75,620.52927716843
116.5,37.75,591.49557155767
116.75,37.75,572.16858279654
117,37.75,571.55360176072
117.25,37.75,590.73742997094
117.5,37.75,637.08776997356
117.75,37.75,696.3839171942
118,37.75,746.42477438261
118.25,37.75,792.83024346203
118.5,37.75,806.44349248439
118.75,37.75,784.14429551454
119,37.75,770.3039080384
119.25,37.75,758.65378422957
119.5,37.75,747.27318819832
119.75,37.75,728.1515783805
120,37.75,702.85186931497
120.25,37.75,661.27124497334
120.5,37.75,635.73277145321
120.75,37.75,609.67435621807
121,37.75,591.76329145441
121.25,37.75,562.69346612922
121.5,37.75,535.95753179935
121.75,37.75,516.92552155824
104.5,38,628.04782926835
104.75,38,672.52287482873
105,38,695.51811728449
105.25,38,716.85087623724
105.5,38,830.18793036324
105.75,38,896.15021771099
106,38,873.9867546126
106.25,38,856.54243552003
106.5,38,805.21782571409
106.75,38,779.14842065942
107,38,748.84030191797
107.25,38,717.19236429326
107.5,38,696.66232661146
107.75,38,701.21629412242
108,38,726.07410499701
108.25,38,762.97295725677
108.5,38,800.48890061295
108.75,38,831.34109874266
109,38,850.12273420131
109.25,38,852.70673638045
109.5,38,854.02494764213
109.75,38,852.39922779514
110,38,841.72819677043
110.25,38,836.18267412041
110.5,38,819.83880209789
110.75,38,790.08325113218
111,38,764.9745482421
111.25,38,733.38149466459
111.5,38,702.69987272756
111.75,38,674.31266835374
112,38,642.18421468649
112.25,38,616.11494596836
112.5,38,593.62839252077
112.75,38,571.88221509685
113,38,555.74707410802
113.25,38,582.24874898154
113.5,38,592.94863193811
113.75,38,598.32557279192
114,38,608.50852610569
114.25,38,602.99296085395
114.5,38,603.57463983071
114.75,38,607.61137349811
115,38,610.62176215042
115.25,38,616.66523035239
115.5,38,617.03902757983
115.75,38,644.26388826345
116,38,663.87515104781
116.25,38,652.0985514108
116.5,38,616.43191693429
116.75,38,590.54077926048
117,38,579.73855616414
117.25,38,593.18638582412
117.5,38,630.11585848994
117.75,38,684.46448420875
118,38,729.12714872136
118.25,38,758.76161393038
118.5,38,768.31822373763
118.75,38,756.43380937351
119,38,751.38971397419
119.25,38,750.98550549559
119.5,38,738.570601222
119.75,38,721.0540335494
120,38,697.63269878072
120.25,38,662.0916488797
120.5,38,621.43894198669
120.75,38,585.86791607414
121,38,557.03284322301
121.25,38,537.50562190672
121.5,38,514.3545365909
104.25,38.25,741.9179511284
104.5,38.25,612.06616643654
104.75,38.25,657.12250972614
105,38.25,681.55274432954
105.25,38.25,699.14072287085
105.5,38.25,902.95790262759
105.75,38.25,886.26817984653
106,38.25,823.05179666227
106.25,38.25,810.29122525856
106.5,38.25,793.14323856586
106.75,38.25,774.33531630478
107,38.25,755.44134384295
107.25,38.25,737.28849448952
107.5,38.25,726.50476969539
107.75,38.25,731.68620566227
108,38.25,750.90809372699
108.25,38.25,780.50601166762
108.5,38.25,806.21852633042
108.75,38.25,831.31351998466
109,38.25,844.00469692384
109.25,38.25,848.4424847232
109.5,38.25,847.82315764135
109.75,38.25,844.90862341463
110,38.25,832.99140250157
110.25,38.25,819.30893674642
110.5,38.25,801.64315596069
110.75,38.25,770.37591429652
111,38.25,742.30443484657
111.25,38.25,713.23329727539
111.5,38.25,681.08127396799
111.75,38.25,649.62408526771
112,38.25,625.35045333083
112.25,38.25,600.42792507717
112.5,38.25,576.98698903094
112.75,38.25,554.31751854028
113,38.25,537.2095526728
113.25,38.25,563.14534920957
113.5,38.25,572.87919715438
113.75,38.25,574.45047827422
114,38.25,581.91739908533
114.25,38.25,584.67709871855
114.5,38.25,584.5966701576
114.75,38.25,585.26060842738
115,38.25,586.79683722141
115.25,38.25,592.44180470283
115.5,38.25,601.47662740069
115.75,38.25,632.2058811095
116,38.25,679.45487819413
116.25,38.25,670.41856175165
116.5,38.25,620.26648680212
116.75,38.25,589.34425811595
117,38.25,578.20201101221
117.25,38.25,592.48063210957
117.5,38.25,615.3145358282
117.75,38.25,662.27560006846
118,38.25,706.42955768919
118.25,38.25,737.90867642626
118.5,38.25,751.46295803333
118.75,38.25,750.47316086262
119,38.25,744.52299135876
119.25,38.25,740.06104015216
119.5,38.25,727.16062812204
119.75,38.25,705.21280594938
120,38.25,684.34641595695
120.25,38.25,657.50033984644
120.5,38.25,621.83359695937
120.75,38.25,560.91093599105
121,38.25,536.77870109412
121.25,38.25,520.62914366559
104.25,38.5,587.49555886607
104.5,38.5,598.57365378532
104.75,38.5,618.368021852
105,38.5,666.24078943152
105.25,38.5,857.08473099587
105.5,38.5,852.17046640673
105.75,38.5,845.23804117399
106,38.5,860.28911998659
106.25,38.5,819.29343059754
106.5,38.5,802.95197527089
106.75,38.5,785.30144032772
107,38.5,771.03616820791
107.25,38.5,759.53776942166
107.5,38.5,753.67795666133
107.75,38.5,760.83932822857
108,38.5,776.52004488088
108.25,38.5,797.5892153244
108.5,38.5,817.83649455327
108.75,38.5,832.25591161342
109,38.5,838.76959867187
109.25,38.5,840.30357905167
109.5,38.5,838.88984249021
109.75,38.5,845.33713365356
110,38.5,819.92333562144
110.25,38.5,804.29170013005
110.5,38.5,772.57282704116
110.75,38.5,749.95243685896
111,38.5,721.28903029368
111.25,38.5,691.56185329555
111.5,38.5,656.86678707369
111.75,38.5,634.32414079396
112,38.5,610.95473031405
112.25,38.5,584.23896218133
112.5,38.5,558.08726710354
112.75,38.5,535.7781990386
113,38.5,522.97154256374
113.25,38.5,546.21422255632
113.5,38.5,553.14521886973
113.75,38.5,559.84907156016
114,38.5,554.94358922207
114.25,38.5,573.99934071867
114.5,38.5,572.38385030241
114.75,38.5,568.97625864208
115,38.5,567.7903605417
115.25,38.5,576.18422996544
115.5,38.5,578.18193844814
115.75,38.5,595.00997812143
116,38.5,617.23840096132
116.25,38.5,613.59431949496
116.5,38.5,590.36826816544
116.75,38.5,566.98835019466
117,38.5,559.50112747583
117.25,38.5,558.7963298884
117.5,38.5,587.07775932667
117.75,38.5,639.84092751119
118,38.5,692.28494779552
118.25,38.5,730.04507667981
118.5,38.5,749.47520864827
118.75,38.5,752.49036668078
119,38.5,752.16769573179
119.25,38.5,739.64270782686
119.5,38.5,724.01565054529
119.75,38.5,701.91210628135
120,38.5,679.01444927227
120.25,38.5,652.26352425671
120.5,38.5,614.30718702354
120.75,38.5,568.09746765389
121,38.5,518.6299791187
121.25,38.5,501.95538725736
104,38.75,685.93300198954
104.25,38.75,453.68291281752
104.5,38.75,583.85875839373
104.75,38.75,600.32189736182
105,38.75,643.1062474785
105.25,38.75,853.56957640546
105.5,38.75,847.79394219665
105.75,38.75,916.98867132936
106,38.75,890.94071578732
106.25,38.75,874.72031231046
106.5,38.75,841.40832111832
106.75,38.75,826.43855664778
107,38.75,805.13404573742
107.25,38.75,789.77887773762
107.5,38.75,778.15859821717
107.75,38.75,786.08373807541
108,38.75,802.48860879192
108.25,38.75,819.23691097751
108.5,38.75,833.07711004165
108.75,38.75,837.46136281528
109,38.75,836.27060685935
109.25,38.75,836.08159549185
109.5,38.75,841.64303981933
109.75,38.75,839.21759869235
110,38.75,808.78805395595
110.25,38.75,792.35614918784
110.5,38.75,759.88272250875
110.75,38.75,738.08149952342
111,38.75,710.5434740798
111.25,38.75,680.82087092955
111.5,38.75,653.29725782846
111.75,38.75,626.22996513604
112,38.75,599.48161382384
112.25,38.75,570.19521110014
112.5,38.75,539.30553973617
112.75,38.75,515.5535529794
113,38.75,509.38901416598
113.25,38.75,527.81743499647
113.5,38.75,537.71857861853
113.75,38.75,542.22813909843
114,38.75,548.33193145195
114.25,38.75,548.25328853856
114.5,38.75,541.75313717744
114.75,38.75,540.20249502356
115,38.75,543.57806611019
115.25,38.75,551.40432451629
115.5,38.75,558.19343511343
115.75,38.75,562.55981297332
116,38.75,549.17015568832
116.25,38.75,553.21809876386
116.5,38.75,553.81254673388
116.75,38.75,540.87581656868
117,38.75,527.27752596185
117.25,38.75,512.16338883726
117.5,38.75,551.59347403185
117.75,38.75,629.89489991938
118,38.75,693.52742547151
118.25,38.75,738.88280942256
118.5,38.75,759.74837009647
118.75,38.75,763.25096955958
119,38.75,760.03124700242
119.25,38.75,743.02200305737
119.5,38.75,721.43059089236
119.75,38.75,700.7521562782
120,38.75,675.40175298221
120.25,38.75,647.04149563958
120.5,38.75,589.11942749035
120.75,38.75,557.09016187111
121,38.75,533.72806429655
104.25,39,400.43293206241
104.5,39,583.69526450266
104.75,39,601.64170161033
105,39,924.8278533694
105.25,39,920.54208952131
105.5,39,915.38613310395
105.75,39,914.51883339987
106,39,910.93416087302
106.25,39,883.1790713908
106.5,39,866.71590848127
106.75,39,856.57992336176
107,39,837.61571362801
107.25,39,811.22280595258
107.5,39,809.89926034722
107.75,39,816.94254940627
108,39,824.49943649879
108.25,39,840.03087948248
108.5,39,849.95641922278
108.75,39,852.95491819494
109,39,846.51988267361
109.25,39,840.30135295948
109.5,39,837.5585942197
109.75,39,831.74466833188
110,39,800.175894743
110.25,39,783.85281483528
110.5,39,750.5335072254
110.75,39,729.12348797554
111,39,703.83866977887
111.25,39,676.75099372525
111.5,39,651.09923632503
111.75,39,622.09119754823
112,39,594.22018424374
112.25,39,563.78119105305
112.5,39,530.7716067775
112.75,39,503.23087291759
113,39,501.76686223389
113.25,39,512.00675606877
113.5,39,521.03694505166
113.75,39,530.7022879341
114,39,542.11325327383
114.25,39,540.14241012606
114.5,39,544.21852436191
114.75,39,538.41359366086
115,39,539.48014994154
115.25,39,527.12601213211
115.5,39,533.69166847108
115.75,39,534.99454632403
116,39,525.9811981378
116.25,39,526.28078427151
116.5,39,524.86431428358
116.75,39,518.57806543134
117,39,515.65468007548
117.25,39,516.04296922223
117.5,39,560.94204733732
117.75,39,638.99977215734
118,39,710.40589078035
118.25,39,761.43774570766
118.5,39,785.43059813411
118.75,39,780.81401193689
119,39,767.53263477045
119.25,39,745.45813673872
119.5,39,722.35307511935
119.75,39,705.96172756616
120,39,679.21718371543
120.25,39,632.90167393768
120.5,39,586.78544794285
104.5,39.25,577.7774768674
104.75,39.25,908.06090514552
105,39.25,906.46290864038
105.25,39.25,934.01359762457
105.5,39.25,933.04766897097
105.75,39.25,936.61482898278
106,39.25,933.92809402479
106.25,39.25,902.66760007854
106.5,39.25,886.77702367263
106.75,39.25,879.53469472273
107,39.25,862.76234542418
107.25,39.25,845.51144518231
107.5,39.25,843.9272303909
107.75,39.25,850.48399617511
108,39.25,858.03186897533
108.25,39.25,868.13088753792
108.5,39.25,871.92548369616
108.75,39.25,865.09763255066
109,39.25,853.39849499629
109.25,39.25,840.35799392523
109.5,39.25,830.88565815898
109.75,39.25,823.83200988117
110,39.25,793.04878235755
110.25,39.25,764.31400957084
110.5,39.25,745.20721054549
110.75,39.25,723.76657513403
111,39.25,699.86396716379
111.25,39.25,674.68295912259
111.5,39.25,649.80555187988
111.75,39.25,622.40243775081
112,39.25,595.44345458681
112.25,39.25,566.23397880204
112.5,39.25,538.33621391077
112.75,39.25,520.00562985501
113,39.25,494.14710767157
113.25,39.25,497.91993544291
113.5,39.25,505.4317232199
113.75,39.25,516.30092244918
114,39.25,523.75665340583
114.25,39.25,525.44175838853
114.5,39.25,532.87243794375
114.75,39.25,532.13102932066
115,39.25,530.91768286137
115.25,39.25,511.96552271438
115.5,39.25,517.65216918858
115.75,39.25,518.11583351705
116,39.25,515.40907227511
116.25,39.25,512.12681246301
116.5,39.25,507.96938748636
116.75,39.25,511.00148994115
117,39.25,526.64291001071
117.25,39.25,551.19547611969
117.5,39.25,602.12707217014
117.75,39.25,673.2681580431
118,39.25,745.99622656868
118.25,39.25,798.30669273169
118.5,39.25,811.62280645021
118.75,39.25,800.90449983711
119,39.25,780.72337297018
119.25,39.25,762.32859020456
119.5,39.25,740.92052218198
119.75,39.25,718.80811854561
120,39.25,672.31645592934
104.75,39.5,896.48467323011
105,39.5,918.32291055742
105.25,39.5,919.53117841494
105.5,39.5,945.32631874581
105.75,39.5,947.16839873015
106,39.5,943.55608714726
106.25,39.5,930.75641202869
106.5,39.5,904.07435052474
106.75,39.5,899.54001916732
107,39.5,887.35859411385
107.25,39.5,877.6773810282
107.5,39.5,871.20015962875
107.75,39.5,874.00528693124
108,39.5,879.40777135919
108.25,39.5,890.40543047787
108.5,39.5,891.33877806576
108.75,39.5,880.55477934083
109,39.5,861.9417216543
109.25,39.5,843.24146316288
109.5,39.5,825.48009779931
109.75,39.5,820.17567340107
110,39.5,782.01448265737
110.25,39.5,763.73234004971
110.5,39.5,743.41628134554
110.75,39.5,721.68899580183
111,39.5,697.43593372368
111.25,39.5,673.38500463581
111.5,39.5,648.92462909871
111.75,39.5,623.22151418612
112,39.5,597.32091794705
112.25,39.5,571.96437831605
112.5,39.5,552.34553255048
112.75,39.5,500.76936392749
113,39.5,494.88527646719
113.25,39.5,493.83887593216
113.5,39.5,494.03456466272
113.75,39.5,502.35915244869
114,39.5,506.62645388782
114.5,39.5,517.53545432056
114.75,39.5,518.89668625615
115,39.5,516.08696635551
115.25,39.5,496.7672262976
115.5,39.5,499.22776191076
115.75,39.5,501.51949623361
116,39.5,503.85384841947
116.25,39.5,502.32018502283
116.5,39.5,493.57033341155
116.75,39.5,503.93044339088
117,39.5,538.26469896526
117.25,39.5,578.98053232401
117.5,39.5,633.2885525073
117.75,39.5,698.80533496454
118,39.5,785.85636082493
118.25,39.5,841.01758274681
118.5,39.5,833.90024898204
118.75,39.5,816.08084419326
119,39.5,803.20372473112
119.25,39.5,785.67996594396
119.5,39.5,759.24426199997
119.75,39.5,725.33570843005
105.25,39.75,931.25320714494
105.5,39.75,930.62479711478
105.75,39.75,954.12616970519
106,39.75,950.60433853392
106.25,39.75,942.01132487006
106.5,39.75,919.28962122177
106.75,39.75,919.07284133609
107,39.75,909.45371304058
107.25,39.75,901.08814375066
107.5,39.75,898.55110483071
107.75,39.75,896.36702729186
108,39.75,904.19169090391
108.25,39.75,910.67401145324
108.5,39.75,915.34368112952
108.75,39.75,895.45657713974
109,39.75,875.14884145199
109.25,39.75,848.64007661333
109.5,39.75,821.74253627812
109.75,39.75,825.11266465143
110,39.75,788.35359369077
110.25,39.75,766.86620677549
110.5,39.75,743.57642768838
110.75,39.75,719.95217890986
111,39.75,697.2989672389
111.25,39.75,674.28876974339
111.5,39.75,649.37252671674
111.75,39.75,624.18696206849
112,39.75,600.76521970626
112.25,39.75,580.8372480422
112.5,39.75,560.97795410089
112.75,39.75,499.90778836053
113,39.75,494.40459760201
113.25,39.75,487.88615425025
113.5,39.75,485.09408230172
113.75,39.75,488.49988991685
114,39.75,491.07826037341
115.75,39.75,489.72751268226
116,39.75,499.2068648121
116.25,39.75,504.29089981275
116.5,39.75,504.84546697458
116.75,39.75,518.74423242879
117,39.75,554.54633062237
117.25,39.75,597.96480971722
117.5,39.75,651.24537269648
117.75,39.75,716.17892205249
118,39.75,787.7194032745
118.25,39.75,832.72250847845
118.5,39.75,837.32460949839
118.75,39.75,830.26715254212
119,39.75,811.67886540067
119.25,39.75,795.07722074547
119.5,39.75,775.70595978521
119.75,39.75,738.18264514035
105.5,40,942.49203651038
105.75,40,938.87628187061
106,40,958.47569473948
106.25,40,952.45917499141
106.5,40,944.24960208255
106.75,40,935.81824760159
107,40,928.39649721918
107.25,40,923.52051005144
107.5,40,915.47065003574
107.75,40,915.08327721532
108,40,920.72636474987
108.25,40,926.44996955485
108.5,40,925.96130044891
108.75,40,907.30613348008
109,40,884.23549598623
109.25,40,862.38742636158
109.5,40,847.17062954783
109.75,40,840.49770980931
110,40,794.23884444627
110.25,40,770.3837363391
110.5,40,745.08506166035
110.75,40,720.12824597669
111,40,697.04824216585
111.25,40,672.77846303909
111.5,40,652.07686626551
111.75,40,629.85706579753
112,40,608.71254968852
112.25,40,594.70976349267
112.5,40,535.38483278024
112.75,40,498.15069584722
113,40,491.62371218538
113.25,40,485.97664977691
113.5,40,477.92034437896
113.75,40,475.17841236026
114,40,476.18183187102
115.75,40,480.27671942345
116,40,501.82917615289
116.25,40,519.89540156585
116.5,40,531.46032112363
116.75,40,547.74521647559
117,40,576.53414405257
117.25,40,610.97025667214
117.5,40,650.16075850316
117.75,40,704.39507513944
118,40,759.38230229771
118.25,40,801.08493274213
118.5,40,834.34368736469
118.75,40,830.79754162999
119,40,817.28728680965
119.25,40,804.53303812162
119.5,40,773.75422485195
119.75,40,762.1836968009
106,40.25,939.9773495085
106.25,40.25,944.74466851881
106.5,40.25,956.02844084631
106.75,40.25,955.62169208655
107,40.25,943.86428029387
107.25,40.25,937.71672210201
107.5,40.25,934.74076889841
107.75,40.25,921.04368946297
108,40.25,933.57759156562
108.25,40.25,925.28009481578
108.5,40.25,918.01429515977
108.75,40.25,907.01389445041
109,40.25,896.73930160521
109.25,40.25,873.54649774813
109.5,40.25,860.95335632756
109.75,40.25,857.00460255376
110,40.25,851.07503315011
110.25,40.25,776.01208354148
110.5,40.25,749.63142634102
110.75,40.25,723.13202029544
111,40.25,695.84765637987
111.25,40.25,676.11179676681
111.5,40.25,653.75661720893
111.75,40.25,633.29306346153
112,40.25,623.14012996163
112.25,40.25,606.36391873957
112.5,40.25,539.91334617585
112.75,40.25,494.83405415347
113,40.25,488.60077668945
113.25,40.25,483.71263966889
113.5,40.25,471.09931500676
113.75,40.25,471.01699527908
114,40.25,460.44249402563
115.75,40.25,468.05765061228
116,40.25,505.86274003482
116.25,40.25,540.0371339048
116.5,40.25,552.92173736382
116.75,40.25,566.84884581707
117,40.25,585.57656170683
117.25,40.25,614.25221125566
117.5,40.25,653.99687939077
117.75,40.25,697.99866209696
118,40.25,741.46919676916
118.25,40.25,793.70916318071
118.5,40.25,825.30758574612
118.75,40.25,832.72507133843
119,40.25,828.28439201408
119.25,40.25,818.7802678903
119.5,40.25,791.69172113192
119.75,40.25,775.28192073787
106.5,40.5,955.13771038753
106.75,40.5,959.8659731368
107,40.5,958.0826467546
107.25,40.5,949.70343279504
107.5,40.5,936.36857341755
108,40.5,928.49413614667
108.25,40.5,919.18180573698
108.5,40.5,916.16137289034
108.75,40.5,909.18699144414
109,40.5,903.2627542593
109.25,40.5,876.49396483202
109.5,40.5,870.22380571907
109.75,40.5,866.26474098933
110,40.5,860.69439182997
110.25,40.5,778.51699037315
110.5,40.5,751.64963536847
110.75,40.5,720.11636436426
111,40.5,698.30067933532
111.25,40.5,678.75253519427
111.5,40.5,665.89471619159
111.75,40.5,648.44053335605
112,40.5,633.34781227637
112.25,40.5,616.84856975721
112.5,40.5,544.31322708117
112.75,40.5,490.40035370443
113,40.5,485.09987714931
113.25,40.5,481.03456664489
113.5,40.5,466.24063933729
113.75,40.5,459.34876097724
115.75,40.5,451.53664861519
116,40.5,498.75953753014
116.25,40.5,544.28139576115
116.5,40.5,561.84511774614
116.75,40.5,577.65688580705
117,40.5,598.03480132577
117.25,40.5,624.30699442969
117.5,40.5,647.17951057525
117.75,40.5,681.82675984076
118,40.5,717.53862601957
118.25,40.5,777.65151856059
118.5,40.5,805.00860280585
118.75,40.5,821.3562536756
119,40.5,824.59877006267
119.25,40.5,821.53124892695
119.5,40.5,799.02423350075
107,40.75,968.06358434528
108,40.75,920.3781022738
108.25,40.75,920.05375315147
108.5,40.75,917.29739139938
108.75,40.75,899.99901889178
109,40.75,890.97026644631
109.25,40.75,879.67455350301
109.5,40.75,868.34514639552
109.75,40.75,864.52221949698
110,40.75,856.95644845207
110.25,40.75,841.26267745472
110.5,40.75,762.18898134764
110.75,40.75,737.79906593159
111,40.75,716.06951162363
111.25,40.75,697.41665790344
111.5,40.75,674.85209324116
111.75,40.75,658.42807658789
112,40.75,644.46986111365
112.25,40.75,628.49456807956
112.5,40.75,550.25395957966
112.75,40.75,489.23089078454
113,40.75,483.57531581867
113.25,40.75,479.01012282638
113.5,40.75,462.35295279229
115.5,40.75,393.96528410682
115.75,40.75,437.85356298156
116,40.75,485.63950480132
116.25,40.75,526.56448403429
116.5,40.75,555.23498893289
116.75,40.75,578.0469159886
117,40.75,598.68035283011
117.25,40.75,623.6220149805
117.5,40.75,646.70313412954
117.75,40.75,674.88169923651
118,40.75,743.3168490053
118.25,40.75,759.3820077069
118.5,40.75,797.7920729161
118.75,40.75,811.53268822599
119,40.75,819.34088258467
119.25,40.75,827.6872602839
119.5,40.75,820.5751087588
108.25,41,916.53206178844
108.5,41,905.75420354935
108.75,41,890.2232798885
109,41,889.17054853365
109.25,41,883.35112278909
109.5,41,869.57207158992
109.75,41,864.59895111101
110,41,856.86091218488
110.25,41,843.28373192979
110.5,41,829.71478550956
110.75,41,743.43461774048
111,41,723.88175520964
111.25,41,707.24841175957
111.5,41,683.99536544804
111.75,41,669.56776597836
112,41,655.02452476524
112.25,41,561.55489621935
112.5,41,557.31418155302
112.75,41,491.28247724322
113,41,484.31355941776
113.25,41,478.31350392333
113.5,41,459.83619619366
115.25,41,397.02472531583
115.5,41,397.74458488813
115.75,41,440.02833306921
116,41,480.33969605594
116.25,41,517.67261573064
116.5,41,547.30765643583
116.75,41,573.71703049164
117,41,600.86766494462
117.25,41,617.63759644522
117.5,41,658.8433624496
117.75,41,684.20060927783
118,41,732.50735943133
118.25,41,777.55553936563
118.5,41,809.62542618942
118.75,41,825.23304612051
119,41,836.17189790087
119.25,41,855.27176632982
108.25,41.25,914.34295153039
108.5,41.25,901.55744568497
108.75,41.25,891.88437325744
109,41.25,887.1854361204
109.25,41.25,882.52965750648
109.5,41.25,866.27141241056
109.75,41.25,859.62798024628
110,41.25,851.23176843003
110.25,41.25,842.57998939174
110.5,41.25,832.2402734542
110.75,41.25,821.84175567445
111,41.25,729.96346851296
111.25,41.25,704.79175659144
111.5,41.25,694.02560294725
111.75,41.25,680.45907833633
112,41.25,666.09277240428
112.25,41.25,568.48279813242
112.5,41.25,564.87813510161
112.75,41.25,492.06778748209
113,41.25,483.99305047814
113.25,41.25,476.85438150191
113.5,41.25,459.34427439133
115,41.25,409.90137204389
115.25,41.25,402.20598567063
115.5,41.25,407.87666820411
115.75,41.25,458.45950577192
116,41.25,493.15456958763
116.25,41.25,527.44997346571
116.5,41.25,556.89860789522
116.75,41.25,584.31972503279
117,41.25,612.93919582621
117.25,41.25,639.951943546
117.5,41.25,654.41875486576
117.75,41.25,703.58013157494
118,41.25,744.69442477564
118.25,41.25,766.76620104969
118.5,41.25,802.95125728169
118.75,41.25,818.42718385975
119,41.25,831.6128940612
108.5,41.5,900.50561234454
108.75,41.5,892.86006315743
109,41.5,888.05725667243
109.25,41.5,881.58306824483
109.5,41.5,863.14818251862
109.75,41.5,856.18686417669
110,41.5,848.7649758372
110.25,41.5,843.524439609
110.5,41.5,835.90709078216
110.75,41.5,825.84245375231
111,41.5,818.03164272695
111.25,41.5,709.84779359846
111.5,41.5,700.87700507536
111.75,41.5,689.07334925872
112,41.5,577.76374123905
112.25,41.5,574.23533698397
112.5,41.5,571.34531046895
112.75,41.5,493.0856587464
113,41.5,485.51159783458
113.25,41.5,478.05585025418
113.5,41.5,459.06097855471
113.75,41.5,452.96737763507
114.75,41.5,409.13540301155
115,41.5,412.46410518271
115.25,41.5,411.51707898727
115.5,41.5,417.5482905605
115.75,41.5,431.42784613894
116,41.5,506.06722252502
116.25,41.5,536.21550618469
116.5,41.5,563.01715527189
116.75,41.5,588.42235882947
117,41.5,614.03131357229
117.25,41.5,664.69581225928
117.5,41.5,689.21837029574
117.75,41.5,713.65687315611
118,41.5,738.27506207715
118.25,41.5,757.33078142382
118.5,41.5,789.11446714832
118.75,41.5,795.93114985365
108.75,41.75,893.28854463988
109,41.75,887.32594875103
109.25,41.75,880.32551114185
109.5,41.75,861.93408920729
109.75,41.75,855.66881457041
110,41.75,853.19825731455
110.25,41.75,849.82432344947
110.5,41.75,842.82125209568
110.75,41.75,833.89042364971
111,41.75,809.23963148604
111.25,41.75,809.60413464755
111.5,41.75,809.31416598544
111.75,41.75,585.52326684613
112,41.75,582.44611230179
112.25,41.75,579.1791403649
112.5,41.75,576.93118893391
112.75,41.75,494.00409877917
113,41.75,486.84817873446
113.25,41.75,479.58894753101
113.5,41.75,472.95980012902
113.75,41.75,455.26921088234
114,41.75,406.35709697771
115,41.75,418.27415572188
115.25,41.75,423.93607071474
115.5,41.75,434.02465578399
115.75,41.75,448.50992702837
116,41.75,465.69956292373
116.25,41.75,550.88752544627
116.5,41.75,574.0244567241
116.75,41.75,618.88431051455
117,41.75,642.82616781555
117.25,41.75,666.62865851955
117.5,41.75,688.53733932564
117.75,41.75,708.60479880099
118,41.75,728.98514475231
118.25,41.75,731.15374947561
118.5,41.75,766.76417940561
109.25,42,881.77263818863
109.5,42,864.9512330579
109.75,42,863.05732377714
110,42,863.9714262971
110.25,42,861.08246483701
110.5,42,853.07604541031
110.75,42,821.45541994097
111,42,817.8315185177
111.25,42,815.23981056791
113,42,408.04344666305
113.25,42,408.08119757113
113.5,42,407.79893742774
113.75,42,410.40567470603
114,42,411.26065613595
114.25,42,412.93987770628
114.5,42,414.66063967223
115.25,42,430.40201888642
115.5,42,439.96015652555
115.75,42,451.55053348391
116,42,465.36819792625
116.25,42,476.77685116143
116.5,42,577.91044432443
116.75,42,598.60845724137
117,42,621.57617384256
117.25,42,642.67772411664
117.5,42,663.03409455827
117.75,42,684.57473293022
109.75,42.25,873.95264946564
110,42.25,879.09888474367
110.25,42.25,873.80859418786
110.5,42.25,835.1843105655
110.75,42.25,828.60518267688
111,42.25,824.75254847628
113,42.25,411.44645271734
113.25,42.25,412.10349882117
113.5,42.25,411.43017164793
113.75,42.25,410.05744116202
114,42.25,414.45471445
114.25,42.25,416.19505733241
114.5,42.25,419.92919319456
114.75,42.25,423.15148903202
115,42.25,427.21048491035
115.25,42.25,435.73973243828
115.5,42.25,443.04451761667
115.75,42.25,453.5590063296
116,42.25,464.50455559033
116.25,42.25,474.19735748111
113.25,42.5,414.57074064719
113.5,42.5,414.03814901416
113.75,42.5,411.13121823698
114,42.5,407.68466647736
114.25,42.5,418.35640574208
114.5,42.5,422.68001466946
114.75,42.5,426.3839797359
