
106,30.25,114.23522709029
106.25,30.25,123.11507239734
106.5,30.25,128.32843518002
106.75,30.25,131.45962136737
107,30.25,138.74730795498
107.25,30.25,149.80914579799
107.5,30.25,160.04072240314
107.75,30.25,165.13241267053
108,30.25,167.44883637484
108.25,30.25,167.27702332527
108.5,30.25,164.96491662605
108.75,30.25,163.35441466794
109,30.25,161.39857227745
109.25,30.25,160.40256069438
109.5,30.25,157.35228207402
113,30.25,153.12570788739
113.25,30.25,163.23745616341
113.5,30.25,173.87018892842
114,30.25,200.02559848928
114.25,30.25,211.31018958538
114.5,30.25,225.35213070269
114.75,30.25,236.05443784679
115,30.25,217.30482169047
115.25,30.25,201.04626903122
115.5,30.25,196.19524638013
115.75,30.25,198.11918011994
116,30.25,200.03128571775
116.25,30.25,200.97416568315
116.5,30.25,196.35845485783
116.75,30.25,192.14300684757
117,30.25,183.89865922477
117.25,30.25,172.62884112057
117.5,30.25,160.40001356404
117.75,30.25,148.24846411383
118,30.25,140.26661970195
118.25,30.25,132.56413805412
118.5,30.25,129.48147943171
118.75,30.25,128.26491969448
119,30.25,127.48250868017
119.25,30.25,126.13248022987
119.5,30.25,127.52395313708
119.75,30.25,127.2403505784
120,30.25,125.8044665501
120.25,30.25,122.78507101193
120.5,30.25,118.21890421798
120.75,30.25,112.34853450599
121,30.25,105.98243392191
106,30.5,117.45063813004
106.25,30.5,126.02237789235
106.5,30.5,130.18483204098
106.75,30.5,130.34938502097
107,30.5,140.43320943206
107.25,30.5,156.36829424747
107.5,30.5,170.37561253344
107.75,30.5,175.85353053569
108,30.5,174.58760695028
108.25,30.5,173.14185009719
108.5,30.5,170.62009926305
108.75,30.5,168.3460810569
109,30.5,164.74094641382
109.25,30.5,164.96208419001
109.5,30.5,162.29215956475
112.25,30.5,186.58879944588
112.5,30.5,189.41548938674
112.75,30.5,179.54938606208
113,30.5,174.23463273214
113.25,30.5,176.64211569198
113.5,30.5,182.40852730971
113.75,30.5,189.83999487965
114,30.5,198.86726873305
114.25,30.5,212.83734703539
114.5,30.5,221.88037354875
114.75,30.5,224.43855928785
115,30.5,215.94234872593
115.25,30.5,206.12773166379
115.5,30.5,201.03593834266
115.75,30.5,203.59163586741
116,30.5,202.57438144637
116.25,30.5,201.35583859752
116.5,30.5,200.0298944151
116.75,30.5,197.89962689345
117,30.5,192.26270707547
117.25,30.5,176.00600397029
117.5,30.5,161.08785246332
117.75,30.5,148.02424495428
118,30.5,137.79364597321
118.25,30.5,129.57974953678
118.5,30.5,125.28529154773
118.75,30.5,122.33529075366
119,30.5,123.66737414253
119.25,30.5,125.16190033361
119.5,30.5,129.09585388927
119.75,30.5,131.94685032831
120,30.5,131.89115406122
120.25,30.5,129.65773342937
120.5,30.5,125.48323334496
120.75,30.5,120.38415961607
121,30.5,115.06863554661
121.25,30.5,112.73199336735
106,30.75,128.98851795099
106.25,30.75,136.72873117055
106.5,30.75,141.21999454163
106.75,30.75,143.45621735417
107,30.75,152.16132160924
107.25,30.75,166.03414146468
107.5,30.75,179.98428574144
107.75,30.75,183.98447283955
108,30.75,180.85087663404
108.25,30.75,177.7148356777
108.5,30.75,174.56979391649
108.75,30.75,171.73686500943
109,30.75,169.26739380249
109.25,30.75,166.52429483474
109.5,30.75,166.3507701341
112,30.75,189.70591769185
112.25,30.75,212.02655104842
112.5,30.75,233.12888616024
112.75,30.75,209.09820764649
113,30.75,196.09250077537
113.25,30.75,192.01900337774
113.5,30.75,192.60082938082
113.75,30.75,196.19640406643
114,30.75,201.34837937138
114.25,30.75,207.14774190839
114.5,30.75,216.58150813989
114.75,30.75,216.04559086569
115,30.75,211.63441481042
115.25,30.75,206.91326194678
115.5,30.75,205.58776586011
115.75,30.75,204.88560092663
116,30.75,201.85370014512
116.25,30.75,199.2055987933
116.5,30.75,197.18028845355
116.75,30.75,195.20440415211
117,30.75,189.46808984182
117.25,30.75,172.81417175769
117.5,30.75,157.87900749039
117.75,30.75,146.05222770637
118,30.75,135.66987839913
118.25,30.75,125.94043654133
118.5,30.75,118.50019837314
118.75,30.75,115.70680816783
119,30.75,117.63403225606
119.25,30.75,124.40959912695
119.5,30.75,132.77027059096
119.75,30.75,138.20031001489
120,30.75,139.88090506444
120.25,30.75,138.80683904548
120.5,30.75,136.07394151332
120.75,30.75,132.49611885817
121,30.75,128.34754137756
121.25,30.75,125.33627362235
121.5,30.75,124.77703794934
106.25,31,155.0833385377
106.5,31,159.96867633566
106.75,31,164.16859501326
107,31,169.81227813275
107.25,31,177.19096597625
107.5,31,183.08110871104
107.75,31,184.59009880455
108,31,183.02609671044
108.25,31,180.55065153828
108.5,31,177.25023581817
108.75,31,174.20401135504
109,31,171.81571387434
109.25,31,169.71743700135
109.5,31,168.43114272987
109.75,31,165.75036665492
111,31,178.25367338941
111.25,31,179.40995634617
111.5,31,181.77736232158
111.75,31,190.04535006974
112,31,205.74875331554
112.25,31,224.52188451682
112.5,31,234.48867591178
112.75,31,224.08271910764
113,31,211.39423295908
113.25,31,203.74835717405
113.5,31,200.19395588493
113.75,31,200.78460594176
114,31,203.15786354243
114.25,31,205.72110533166
114.5,31,208.95132178492
114.75,31,209.63763603824
115,31,206.11293335884
115.25,31,202.51215609461
115.5,31,200.64353635159
115.75,31,198.86515731653
116,31,196.2046507369
116.25,31,191.79665681681
116.5,31,188.16681960372
116.75,31,183.59836819206
117,31,175.81876843952
117.25,31,164.36230421788
117.5,31,152.92765658903
117.75,31,142.88200914731
118,31,132.48422714858
118.25,31,122.59784480374
118.5,31,114.08960024442
118.75,31,108.01168144951
119,31,111.1819114926
119.25,31,123.91706275799
119.5,31,139.90451490852
119.75,31,147.82428580989
120,31,149.73061475272
120.25,31,150.50845595361
120.5,31,148.75335486087
120.75,31,145.429842249
121,31,141.65870675706
121.25,31,139.81406374766
121.5,31,137.65205581442
106.25,31.25,178.07248586345
106.5,31.25,184.32731938837
106.75,31.25,188.07196637719
107,31.25,189.20100372461
107.25,31.25,188.31432564329
107.5,31.25,186.39098347828
107.75,31.25,183.03767636894
108,31.25,182.96975514715
108.25,31.25,181.09957658798
108.5,31.25,178.24864752946
108.75,31.25,175.32117093724
109,31.25,172.29576380873
109.25,31.25,170.14820319264
109.5,31.25,168.95026798894
109.75,31.25,168.2814946063
110,31.25,174.16026902232
111,31.25,182.44814955218
111.25,31.25,186.16649389688
111.5,31.25,193.441994358
111.75,31.25,207.60020997076
112,31.25,220.35959765353
112.25,31.25,230.31314543989
112.5,31.25,234.54324943383
112.75,31.25,228.3736679198
113,31.25,217.95881149515
113.25,31.25,209.0137093136
113.5,31.25,204.08207287167
113.75,31.25,202.55560303276
114,31.25,202.93904530525
114.25,31.25,203.26819519457
114.5,31.25,204.91628430709
114.75,31.25,202.58752785305
115,31.25,199.93103665809
115.25,31.25,196.32920946378
115.5,31.25,193.68680328732
115.75,31.25,190.76925306923
116,31.25,186.24220512129
116.25,31.25,181.54228472571
116.5,31.25,177.08573481168
116.75,31.25,171.67337305267
117,31.25,164.25828079547
117.25,31.25,155.8069813617
117.5,31.25,147.37771431521
117.75,31.25,139.13245291349
118,31.25,130.42045284586
118.25,31.25,121.4997797106
118.5,31.25,113.11304023621
118.75,31.25,106.53425929926
119,31.25,110.93196528072
119.25,31.25,124.70477901121
119.5,31.25,141.69503302336
119.75,31.25,154.0542261099
120,31.25,161.77135553004
120.25,31.25,165.04978929062
120.5,31.25,163.50022767069
120.75,31.25,159.75320372056
121,31.25,155.29112400803
121.25,31.25,151.96054607279
121.5,31.25,147.31097002521
121.75,31.25,140.28850390082
106.25,31.5,199.17976399563
106.5,31.5,207.82895739954
106.75,31.5,214.25211706692
107,31.5,207.16867100908
107.25,31.5,197.50887021927
107.5,31.5,189.70460264419
107.75,31.5,183.74049401219
108,31.5,181.88601101056
108.25,31.5,179.18168647262
108.5,31.5,176.72373078254
108.75,31.5,174.74278143964
109,31.5,172.38534747697
109.25,31.5,170.741267157
109.5,31.5,169.81916855222
109.75,31.5,173.84851305348
110,31.5,173.50915582507
110.75,31.5,180.92490002568
111,31.5,183.92076743238
111.25,31.5,189.84738778065
111.5,31.5,199.09351370679
111.75,31.5,212.32736217768
112,31.5,224.46379909627
112.25,31.5,232.27243884516
112.5,31.5,234.82104342061
112.75,31.5,228.84322837359
113,31.5,218.29791823747
113.25,31.5,209.40185126112
113.5,31.5,203.64360406435
113.75,31.5,200.96575364418
114,31.5,200.59736796547
114.25,31.5,200.79959210672
114.5,31.5,200.34903021799
114.75,31.5,198.88723630534
115,31.5,194.98741306352
115.25,31.5,190.86180131285
115.5,31.5,186.5983085206
115.75,31.5,182.10514801713
116,31.5,177.12732645502
116.25,31.5,171.7852777226
116.5,31.5,166.80820251587
116.75,31.5,161.87950533538
117,31.5,155.22844721225
117.25,31.5,148.86747228921
117.5,31.5,143.02401679897
117.75,31.5,137.32138812683
118,31.5,130.30277453512
118.25,31.5,122.98850342988
118.5,31.5,117.02792046891
118.75,31.5,113.73321334389
119,31.5,118.12805067053
119.25,31.5,129.02966856055
119.5,31.5,144.20048309336
119.75,31.5,160.02124407215
120,31.5,174.31169084292
120.25,31.5,182.64291158969
120.5,31.5,179.05450022439
120.75,31.5,172.03677045305
121,31.5,165.98366697051
121.25,31.5,159.70049312824
121.5,31.5,153.01443491224
121.75,31.5,145.76639037239
106.25,31.75,201.76315412563
106.5,31.75,219.68280764177
106.75,31.75,237.40104264493
107,31.75,215.577918526
107.25,31.75,200.46267148931
107.5,31.75,189.7812600959
107.75,31.75,182.42144673604
108,31.75,177.52418643709
108.25,31.75,174.37103006269
108.5,31.75,172.6590125273
108.75,31.75,171.84766196555
109,31.75,170.41035648632
109.25,31.75,169.3943546013
109.5,31.75,167.87556237901
109.75,31.75,172.36733368283
110,31.75,171.68117436482
110.25,31.75,180.13235834997
110.5,31.75,179.52459593981
110.75,31.75,180.79228791492
111,31.75,185.15825272096
111.25,31.75,190.69509750188
111.5,31.75,199.3101175144
111.75,31.75,209.86168939167
112,31.75,220.20158873368
112.25,31.75,229.2783429261
112.5,31.75,234.184682912
112.75,31.75,226.16600589169
113,31.75,212.57704602972
113.25,31.75,203.23311226647
113.5,31.75,198.50558482739
113.75,31.75,196.88783370165
114,31.75,197.45281127258
114.25,31.75,197.93020582664
114.5,31.75,197.39482595509
114.75,31.75,195.10244208183
115,31.75,191.02459554334
115.25,31.75,185.71253171586
115.5,31.75,179.79064255453
115.75,31.75,174.00668652027
116,31.75,167.6925532043
116.25,31.75,162.90012824225
116.5,31.75,158.2749991195
116.75,31.75,152.53852122559
117,31.75,147.52917435293
117.25,31.75,143.6527652563
117.5,31.75,140.51928933059
117.75,31.75,136.45944522148
118,31.75,130.78687801976
118.25,31.75,125.44389528742
118.5,31.75,121.4682965767
118.75,31.75,121.70874135259
119,31.75,125.2730074846
119.25,31.75,133.91902211001
119.5,31.75,146.71044093936
119.75,31.75,165.2125561336
120,31.75,186.65208238589
120.25,31.75,201.62996888311
120.5,31.75,191.26663096415
120.75,31.75,181.54420016155
121,31.75,172.80465777871
121.25,31.75,164.95255719667
121.5,31.75,157.6038986471
121.75,31.75,150.70815008311
122,31.75,142.56592304621
106.5,32,200.21397762042
106.75,32,210.82299667157
107,32,205.29563043128
107.25,32,194.35401690336
107.5,32,184.82252662798
107.75,32,177.72447743613
108,32,172.02127651776
108.25,32,168.75167378388
108.5,32,168.19218854984
108.75,32,167.69910179137
109,32,166.84707958825
109.25,32,166.75605409387
109.5,32,170.90225295817
109.75,32,171.0550417969
110,32,169.92363835125
110.25,32,177.75879743056
110.5,32,177.34127586282
110.75,32,178.61806859094
111,32,184.98871064609
111.25,32,189.96533980727
111.5,32,196.86285165596
111.75,32,204.53985203402
112,32,211.98979849965
112.25,32,219.48149104604
112.5,32,227.52519982326
112.75,32,214.55873026779
113,32,198.27775023544
113.25,32,191.44764629094
113.5,32,190.05346869438
113.75,32,191.01185590278
114,32,192.7968959387
114.25,32,194.02199182591
114.5,32,193.80799420356
114.75,32,191.37324365918
115,32,186.67295800891
115.25,32,180.33086464429
115.5,32,172.92349465671
115.75,32,165.16520590376
116,32,159.45017946376
116.25,32,154.04373438128
116.5,32,148.89131243169
116.75,32,144.30666156443
117,32,140.83663830527
117.25,32,138.76885600604
117.5,32,137.84221662613
117.75,32,135.17131834126
118,32,132.59145418909
118.25,32,128.52405689226
118.5,32,125.4280283622
118.75,32,125.63833907624
119,32,129.22431609673
119.25,32,137.04401029669
119.5,32,149.38146043062
119.75,32,165.665233282
120,32,186.29038367996
120.25,32,199.75423347814
120.5,32,193.65049981638
120.75,32,183.14399656541
121,32,173.95511966711
121.25,32,166.01189594166
121.5,32,161.78714001344
121.75,32,155.72049798237
122,32,147.40024647048
122.25,32,142.61193782096
106.5,32.25,182.60877894458
106.75,32.25,189.74304864367
107,32.25,188.71264399359
107.25,32.25,183.37651312319
107.5,32.25,176.77117742152
107.75,32.25,170.94031050069
108,32.25,165.93770912467
108.25,32.25,162.86969799175
108.5,32.25,162.26316743734
108.75,32.25,162.15127566001
109,32.25,165.27136933684
109.25,32.25,166.351157086
109.5,32.25,169.1116804875
109.75,32.25,170.13244963301
110,32.25,168.23069715422
110.25,32.25,169.58985460205
110.5,32.25,176.5880971089
110.75,32.25,178.84032166082
111,32.25,182.54571871517
111.25,32.25,187.70832503197
111.5,32.25,192.60636358741
111.75,32.25,196.987525492
112,32.25,200.31104017941
112.25,32.25,201.43533402132
112.5,32.25,197.70544250269
112.75,32.25,186.63579461144
113,32.25,176.61983878151
113.25,32.25,176.27641964429
113.5,32.25,180.51880083337
113.75,32.25,185.09914527559
114,32.25,188.64765085668
114.25,32.25,190.87434135829
114.5,32.25,191.126678748
114.75,32.25,188.94127054636
115,32.25,184.66585720139
115.25,32.25,178.17208041757
115.5,32.25,170.1390737193
115.75,32.25,161.54409053528
116,32.25,153.51508953593
116.25,32.25,146.60418009406
116.5,32.25,140.78769517165
116.75,32.25,136.88159844004
117,32.25,135.02441436511
117.25,32.25,135.20650907551
117.5,32.25,137.61701204844
117.75,32.25,136.47305965129
118,32.25,133.6710651339
118.25,32.25,131.12762519571
118.5,32.25,128.83266536019
118.75,32.25,128.09744962526
119,32.25,129.94915326493
119.25,32.25,136.1850724294
119.5,32.25,147.49789277444
119.75,32.25,161.23511543415
120,32.25,175.9831308576
120.25,32.25,185.65115270148
120.5,32.25,186.26249900807
120.75,32.25,179.83194980657
121,32.25,172.36875793082
121.25,32.25,165.81539831016
121.5,32.25,162.81583413904
121.75,32.25,157.73321928264
122,32.25,150.00454464326
122.25,32.25,144.75637843154
106.5,32.5,171.34458784881
106.75,32.5,174.30550353831
107,32.5,174.02255235291
107.25,32.5,170.90797190371
107.5,32.5,166.71943818457
107.75,32.5,162.6645851817
108,32.5,158.86463120542
108.25,32.5,156.33815747574
108.5,32.5,156.61867544672
108.75,32.5,157.80792422193
109,32.5,160.77801122614
109.25,32.5,162.63136212254
109.5,32.5,164.99364232911
109.75,32.5,165.4505758709
110,32.5,166.04933380666
110.25,32.5,168.0318379221
110.5,32.5,174.34537423354
110.75,32.5,176.85732276645
111,32.5,179.61119026874
111.25,32.5,182.96877009038
111.5,32.5,185.59515727393
111.75,32.5,189.17128848066
112,32.5,189.26364480376
112.25,32.5,184.86888312324
112.5,32.5,175.19851787737
112.75,32.5,163.9313374367
113,32.5,153.94421551882
113.25,32.5,163.28515329398
113.5,32.5,174.06247777353
113.75,32.5,181.71268965791
114,32.5,186.87332081919
114.25,32.5,189.6303541169
114.5,32.5,190.27817414041
114.75,32.5,188.36480684008
115,32.5,184.25840876449
115.25,32.5,177.93133999575
115.5,32.5,169.68191018177
115.75,32.5,160.5580437732
116,32.5,150.96228068266
116.25,32.5,141.54215031672
116.5,32.5,134.30391419218
116.75,32.5,130.91024662711
117,32.5,131.47777246531
117.25,32.5,133.33290426711
117.5,32.5,138.25217182104
117.75,32.5,138.68719264988
118,32.5,136.9635552106
118.25,32.5,134.16763726496
118.5,32.5,131.21714362918
118.75,32.5,128.78577869024
119,32.5,128.43997049705
119.25,32.5,132.4437568825
119.5,32.5,141.98616666315
119.75,32.5,153.92604149469
120,32.5,165.25769102605
120.25,32.5,173.85193096898
120.5,32.5,177.0543509835
120.75,32.5,174.49175006574
121,32.5,169.7064272894
121.25,32.5,163.81089787555
121.5,32.5,161.85698585549
121.75,32.5,157.74709406395
122,32.5,150.19129351679
122.25,32.5,145.79204954428
122.5,32.5,141.25138971447
106.5,32.75,161.2471806672
106.75,32.75,161.69932537455
107,32.75,161.21835130542
107.25,32.75,159.10606392838
107.5,32.75,156.27075795678
107.75,32.75,153.81961907822
108,32.75,151.32347846503
108.25,32.75,149.31960520462
108.5,32.75,150.20452816618
108.75,32.75,151.86518229228
109,32.75,153.94829864427
109.25,32.75,157.34174499712
109.5,32.75,159.94090436811
109.75,32.75,161.66271568745
110,32.75,163.79483326804
110.25,32.75,165.95272753795
110.5,32.75,171.06233622361
110.75,32.75,173.10472589154
111,32.75,175.07124171021
111.25,32.75,177.62280426055
111.5,32.75,180.19721588097
111.75,32.75,181.66008666459
112,32.75,179.61242441219
112.25,32.75,174.75407553298
112.5,32.75,166.31530100438
112.75,32.75,158.09255315481
113,32.75,153.7287609614
113.25,32.75,162.89819025884
113.5,32.75,174.40271518551
113.75,32.75,182.77151826247
114,32.75,187.80786376926
114.25,32.75,190.47273462109
114.5,32.75,190.98881896606
114.75,32.75,189.25291585167
115,32.75,185.73708550892
115.25,32.75,179.8675776829
115.5,32.75,171.73916525224
115.75,32.75,161.9485153242
116,32.75,151.48471538248
116.25,32.75,140.2309211717
116.5,32.75,130.56702522261
116.75,32.75,127.68350350336
117,32.75,131.41941713429
117.25,32.75,138.71276397819
117.5,32.75,142.8862841691
117.75,32.75,142.96176710752
118,32.75,140.78965791954
118.25,32.75,137.69929801059
118.5,32.75,132.99018781679
118.75,32.75,127.34495901498
119,32.75,124.07935344042
119.25,32.75,127.19736126053
119.5,32.75,134.94751097683
119.75,32.75,144.91200399549
120,32.75,155.25087591845
120.25,32.75,164.10138223902
120.5,32.75,169.89378572882
120.75,32.75,168.92420572573
121,32.75,165.96649405605
121.25,32.75,161.71742516027
121.5,32.75,161.17873449406
121.75,32.75,157.6619224084
122,32.75,150.4644424263
122.25,32.75,146.52648987094
122.5,32.75,142.90063335534
106.5,33,151.43437914103
106.75,33,150.69224624559
107,33,149.69725476001
107.25,33,148.04561473555
107.5,33,146.51438998999
107.75,33,144.86048618595
108,33,142.44364762017
108.25,33,142.41732395267
108.5,33,143.46592208456
108.75,33,145.90246509617
109,33,148.00029381946
109.25,33,151.69289443683
109.5,33,154.66990478708
109.75,33,157.08434784606
110,33,159.82284701798
110.25,33,162.9036646346
110.5,33,166.46968502714
110.75,33,169.99426822955
111,33,171.7791014463
111.25,33,173.88037909006
111.5,33,175.50584333339
111.75,33,176.3650618566
112,33,174.45334110116
112.25,33,171.22563857532
112.5,33,167.04641176939
112.75,33,164.277804604
113,33,165.56852590727
113.25,33,173.01027906924
113.5,33,182.2072747024
113.75,33,188.15125885653
114,33,191.35182941266
114.25,33,192.68221344928
114.5,33,192.61793618098
114.75,33,191.65534795076
115,33,188.97959849207
115.25,33,183.93292113026
115.5,33,176.43304154249
115.75,33,166.52011615844
116,33,156.42793842068
116.25,33,145.87018797831
116.5,33,137.22959282123
116.75,33,135.28886465652
117,33,142.25859163884
117.25,33,150.69629177329
117.5,33,152.53511274752
117.75,33,149.68853433761
118,33,144.88419193867
118.25,33,140.21960154968
118.5,33,132.80066301041
118.75,33,124.89162424693
119,33,120.11935484016
119.25,33,122.27407218475
119.5,33,128.50124803398
119.75,33,137.20899392004
120,33,146.91418085401
120.25,33,155.52235436588
120.5,33,161.0769936361
120.75,33,160.87797908237
121,33,159.94557081657
121.25,33,157.61973723127
121.5,33,158.09327488747
121.75,33,155.58145422437
122,33,150.55349125726
122.25,33,147.58317444035
122.5,33,143.97754885237
106.75,33.25,140.42788161251
107,33.25,138.77686606316
107.25,33.25,140.60171864009
107.5,33.25,139.04219882887
107.75,33.25,137.26703637882
108,33.25,134.94511975039
108.25,33.25,135.18081318418
108.5,33.25,136.37309691675
108.75,33.25,138.75012631255
109,33.25,141.58514449094
109.25,33.25,145.58127698261
109.5,33.25,149.21089467081
109.75,33.25,152.38111883677
110,33.25,155.90194456068
110.25,33.25,159.38294998734
110.5,33.25,163.14832356645
110.75,33.25,166.29762690577
111,33.25,167.99060470891
111.25,33.25,170.07491111067
111.5,33.25,172.04254873234
111.75,33.25,173.19752397896
112,33.25,173.47469012463
112.25,33.25,172.33340958034
112.5,33.25,172.37203239709
112.75,33.25,174.05316945459
113,33.25,177.94386600532
113.25,33.25,186.95237733989
113.5,33.25,194.05449119021
113.75,33.25,196.44878141134
114,33.25,195.89829345876
114.25,33.25,194.8356948804
114.5,33.25,194.05818062292
114.75,33.25,194.26287537943
115,33.25,193.40560381357
115.25,33.25,189.78852885633
115.5,33.25,182.7958778934
115.75,33.25,174.48858422661
116,33.25,165.44136038728
116.25,33.25,156.76097096222
116.5,33.25,148.12711764814
116.75,33.25,146.15055543398
117,33.25,162.56256422346
117.25,33.25,172.83745329298
117.5,33.25,166.69501007843
117.75,33.25,157.32845556019
118,33.25,147.77871355835
118.25,33.25,138.38078651641
118.5,33.25,129.27342896696
118.75,33.25,121.28990029169
119,33.25,116.93858277149
119.25,33.25,118.08433669497
119.5,33.25,123.322868101
119.75,33.25,131.0824387879
120,33.25,139.85132751829
120.25,33.25,147.60048179247
120.5,33.25,153.00495622566
120.75,33.25,153.75398836997
121,33.25,154.35113302591
121.25,33.25,153.4455120482
121.5,33.25,154.83285335548
121.75,33.25,154.88563200322
122,33.25,149.92609223685
122.25,33.25,147.54980132675
122.5,33.25,144.48923029443
106,33.5,148.70935603995
106.25,33.5,142.13981902738
106.5,33.5,134.82661983547
106.75,33.5,132.34257168813
107,33.5,131.42031299089
107.25,33.5,130.39429381622
107.5,33.5,129.89735612787
107.75,33.5,127.93860864234
108,33.5,127.62344517921
108.25,33.5,128.13712208136
108.5,33.5,130.13124332927
108.75,33.5,131.61753556562
109,33.5,135.26227896049
109.25,33.5,139.32522562412
109.5,33.5,144.59712875695
109.75,33.5,148.39165401764
110,33.5,152.15785508932
110.25,33.5,155.95507379866
110.5,33.5,159.45369150085
110.75,33.5,161.8335855137
111,33.5,163.64825316236
111.25,33.5,166.57794792146
111.5,33.5,169.49012197048
111.75,33.5,172.03525720913
112,33.5,173.88331721716
112.25,33.5,175.95190539324
112.5,33.5,179.2986887884
112.75,33.5,184.70336108291
113,33.5,192.48554250252
113.25,33.5,203.20577998994
113.5,33.5,209.96931086514
113.75,33.5,205.84343821541
114,33.5,199.40169531333
114.25,33.5,194.61352163213
114.5,33.5,193.79374201916
114.75,33.5,195.70819705203
115,33.5,197.76664940865
115.25,33.5,196.53376242123
115.5,33.5,190.10012880452
115.75,33.5,182.28233993741
116,33.5,176.23263861694
116.25,33.5,173.24541622472
116.5,33.5,171.37190747922
116.75,33.5,167.42521789459
117,33.5,190.02490458157
117.25,33.5,200.36306800977
117.5,33.5,178.97519107329
117.75,33.5,162.86941448285
118,33.5,148.73454062737
118.25,33.5,136.35731854756
118.5,33.5,125.58181969461
118.75,33.5,116.79643766451
119,33.5,111.66098700785
119.25,33.5,113.63376119714
119.5,33.5,119.11003302915
119.75,33.5,126.2524205526
120,33.5,133.80114602862
120.25,33.5,141.43701543698
120.5,33.5,147.13311607626
120.75,33.5,148.11210657835
121,33.5,149.98950960145
121.25,33.5,149.49824011051
121.5,33.5,152.46200651951
121.75,33.5,152.16332456182
122,33.5,148.34961824699
122.25,33.5,146.19181363371
122.5,33.5,144.44351706258
105.5,33.75,168.93703197939
105.75,33.75,148.98884777077
106,33.75,137.76948774875
106.25,33.75,130.79624333298
106.5,33.75,128.49012241776
106.75,33.75,122.94104101149
107,33.75,121.65758868942
107.25,33.75,120.86957405739
107.5,33.75,121.06011017971
107.75,33.75,119.81589175002
108,33.75,120.58094892201
108.25,33.75,121.39882478988
108.5,33.75,122.03572959465
108.75,33.75,124.35827196338
109,33.75,128.67206493613
109.25,33.75,133.63724969014
109.5,33.75,138.77641218166
109.75,33.75,143.4987401596
110,33.75,146.9897137416
110.25,33.75,150.87229923463
110.5,33.75,154.35440849433
110.75,33.75,157.58639153816
111,33.75,160.81113376551
111.25,33.75,164.52113080457
111.5,33.75,167.67796280799
111.75,33.75,169.90338067457
112,33.75,173.56700596816
112.25,33.75,178.49526191256
112.5,33.75,184.51338836038
112.75,33.75,193.2363765865
113,33.75,203.77978697032
113.25,33.75,216.18108911763
113.5,33.75,229.21309479588
113.75,33.75,209.52807089032
114,33.75,198.3099811473
114.25,33.75,190.56202636148
114.5,33.75,189.71889762593
114.75,33.75,194.26855294983
115,33.75,201.15467648432
115.25,33.75,203.58090253645
115.5,33.75,194.88570794666
115.75,33.75,186.69927238187
116,33.75,183.40357779166
116.25,33.75,186.33678095676
116.5,33.75,199.39269395911
116.75,33.75,202.20181054377
117,33.75,200.69419107583
117.25,33.75,196.92547956771
117.5,33.75,181.03049338988
117.75,33.75,163.96987185425
118,33.75,148.29999745693
118.25,33.75,134.50129170824
118.5,33.75,122.89039280977
118.75,33.75,113.77307868682
119,33.75,107.89323885912
119.25,33.75,110.85354413112
119.5,33.75,116.19633628094
119.75,33.75,122.54687134804
120,33.75,129.03045220668
120.25,33.75,135.47259040541
120.5,33.75,142.00683008423
120.75,33.75,143.24540049059
121,33.75,145.64109330471
121.25,33.75,146.7713050777
121.5,33.75,150.98888376182
121.75,33.75,151.7096960957
122,33.75,149.20336018943
122.25,33.75,147.46867234681
105.25,34,150.97192627337
105.5,34,148.07970622998
105.75,34,129.9044477676
106,34,119.02365298484
106.25,34,116.52237216721
106.5,34,118.98349091548
106.75,34,114.52445930325
107,34,114.54076647811
107.25,34,112.49999856509
107.5,34,113.37499454524
107.75,34,114.00501181844
108,34,115.2488328407
108.25,34,115.81231642206
108.5,34,117.1828749203
108.75,34,118.64130539541
109,34,120.42449357823
109.25,34,127.86124726937
109.5,34,133.54043383943
109.75,34,138.12329505976
110,34,142.3890497081
110.25,34,146.36102486381
110.5,34,150.10950733197
110.75,34,153.29134614717
111,34,157.08852329896
111.25,34,160.49785461511
111.5,34,164.00972938729
111.75,34,167.90926307336
112,34,172.73322717199
112.25,34,178.63139880396
112.5,34,186.5971582389
112.75,34,197.05130620592
113,34,208.1020751876
113.25,34,214.332999516
113.5,34,214.42540494652
113.75,34,203.45802716813
114,34,193.06785061639
114.25,34,183.98597503887
114.5,34,182.48731106998
114.75,34,186.41064533925
115,34,193.58965938813
115.25,34,198.16408289655
115.5,34,188.76290722321
115.75,34,183.0392145071
116,34,181.94187644896
116.25,34,185.84338434383
116.5,34,193.03930855718
116.75,34,197.3316968788
117,34,196.4918561121
117.25,34,190.23413253369
117.5,34,177.79744867956
117.75,34,162.58452381936
118,34,147.20625351396
118.25,34,132.54106621217
118.5,34,121.02366664356
118.75,34,113.17638833731
119,34,110.27115631255
119.25,34,111.53002379255
119.5,34,115.54766540791
119.75,34,121.12361445934
120,34,127.1146962074
120.25,34,131.82862606016
120.5,34,136.44196532198
120.75,34,142.95367512004
121,34,142.25992994606
121.25,34,145.9886142924
121.5,34,151.2061076074
121.75,34,150.49156566555
122,34,148.80538082361
122.25,34,147.04637871411
105,34.25,122.03139572784
105.25,34.25,125.21159027737
105.5,34.25,119.22900770479
105.75,34.25,105.27474437398
106,34.25,98.453145378912
106.25,34.25,105.95113026038
106.5,34.25,112.05454898403
106.75,34.25,111.0761293195
107,34.25,108.77550016733
107.25,34.25,107.13120314749
107.5,34.25,107.94879866294
107.75,34.25,109.64521510784
108,34.25,112.52342728377
108.25,34.25,114.49936606043
108.5,34.25,115.88921145374
108.75,34.25,115.44234861528
109,34.25,113.97533181752
109.25,34.25,125.67401302984
109.5,34.25,129.63437856668
109.75,34.25,134.75186857969
110,34.25,139.07748583889
110.25,34.25,143.01517534211
110.5,34.25,146.1496636284
110.75,34.25,149.73347178185
111,34.25,152.9618053697
111.25,34.25,156.45164381258
111.5,34.25,160.27256078212
111.75,34.25,164.72334614441
112,34.25,169.7610716774
112.25,34.25,176.42142136982
112.5,34.25,184.25607039043
112.75,34.25,193.48215578643
113,34.25,201.39625686012
113.25,34.25,203.71190162235
113.5,34.25,201.51213319837
113.75,34.25,195.27630260188
114,34.25,187.07682829125
114.25,34.25,178.57716105776
114.5,34.25,173.69008898557
114.75,34.25,173.12955589076
115,34.25,174.62783076778
115.25,34.25,174.16679285911
115.5,34.25,171.93434082879
115.75,34.25,170.59461067983
116,34.25,172.48143714956
116.25,34.25,176.89406155701
116.5,34.25,181.63792731289
116.75,34.25,186.76924261897
117,34.25,188.1775033313
117.25,34.25,183.79029005274
117.5,34.25,174.23272055109
117.75,34.25,160.68267818844
118,34.25,146.60536566847
118.25,34.25,132.47931749346
118.5,34.25,120.48930601204
118.75,34.25,112.27640211601
119,34.25,111.03222936508
119.25,34.25,113.12326758974
119.5,34.25,116.73001118912
119.75,34.25,121.476239693
120,34.25,126.4036941533
120.25,34.25,131.59812248557
120.5,34.25,136.30865656976
120.75,34.25,140.85329141317
121,34.25,141.37357404399
121.25,34.25,144.19331845925
121.5,34.25,148.69432052283
121.75,34.25,149.7771472663
106.25,34.5,104.7430113032
106.5,34.5,113.89673500768
106.75,34.5,112.14660531778
107,34.5,106.30627880782
107.25,34.5,103.08833758891
107.5,34.5,104.03904473689
107.75,34.5,107.6575708527
108,34.5,111.89311192572
108.25,34.5,115.59923509703
108.5,34.5,118.04865390841
108.75,34.5,118.19389617927
109,34.5,120.46969801069
109.25,34.5,124.51336719592
109.5,34.5,124.96028070882
109.75,34.5,131.59951952022
110,34.5,136.51743689929
110.25,34.5,140.68052770999
110.5,34.5,143.64697373133
110.75,34.5,146.53217520921
111,34.5,149.52554313857
111.25,34.5,152.97054489962
111.5,34.5,157.34190452829
111.75,34.5,160.48274889079
112,34.5,164.98445221173
112.25,34.5,170.90833879671
112.5,34.5,177.52008357261
112.75,34.5,184.35497483936
113,34.5,188.94032454572
113.25,34.5,190.55744192144
113.5,34.5,189.11885274634
113.75,34.5,185.08741697625
114,34.5,178.88208160826
114.25,34.5,170.4555892567
114.5,34.5,162.67364925962
114.75,34.5,157.52582213379
115,34.5,154.34624101278
115.25,34.5,152.51955391741
115.5,34.5,152.36700842564
115.75,34.5,154.74994363658
116,34.5,159.49136383735
116.25,34.5,165.57414530592
116.5,34.5,172.01721089266
116.75,34.5,178.00405267671
117,34.5,180.48130708048
117.25,34.5,178.28598146345
117.5,34.5,171.40118537985
117.75,34.5,160.76928486671
118,34.5,148.43543011962
118.25,34.5,134.70873056891
118.5,34.5,122.64451669307
118.75,34.5,113.46728899758
119,34.5,113.00027840279
119.25,34.5,115.18819844321
119.5,34.5,118.49572037475
119.75,34.5,122.789029212
120,34.5,127.06440150437
120.25,34.5,132.08579829439
120.5,34.5,136.11735278189
120.75,34.5,141.24262400581
121,34.5,145.31691778111
121.25,34.5,143.34114348988
106.25,34.75,118.4662120673
106.5,34.75,130.88494034193
106.75,34.75,125.17599695978
107,34.75,107.26388433127
107.25,34.75,98.978528093309
107.5,34.75,101.07271329658
107.75,34.75,106.96029236961
108,34.75,113.79843387077
108.25,34.75,118.58714042027
108.5,34.75,120.43616804323
108.75,34.75,122.07199108326
109,34.75,123.23246786435
109.25,34.75,125.1686574951
109.5,34.75,127.11792516401
109.75,34.75,131.1102866805
110,34.75,135.5346591976
110.25,34.75,139.12886440374
110.5,34.75,141.17005025896
110.75,34.75,143.11847398058
111,34.75,146.1897134556
111.25,34.75,149.36430402715
111.5,34.75,152.35285243355
111.75,34.75,155.02914749542
112,34.75,159.08944744865
112.25,34.75,164.38007360458
112.5,34.75,168.83701964544
112.75,34.75,173.40676631066
113,34.75,176.53758054615
113.25,34.75,177.97588863156
113.5,34.75,177.26615409676
113.75,34.75,174.6014999791
114,34.75,170.75051514168
114.25,34.75,161.35722101878
114.5,34.75,150.56994261538
114.75,34.75,141.99147606776
115,34.75,135.89561032518
115.25,34.75,132.87100501079
115.5,34.75,133.85369509485
115.75,34.75,138.54278408352
116,34.75,145.75858235405
116.25,34.75,154.35959107629
116.5,34.75,163.22630511757
116.75,34.75,171.38269988142
117,34.75,176.2488256021
117.25,34.75,176.30208944232
117.5,34.75,171.57643061495
117.75,34.75,162.81400648593
118,34.75,151.76609437066
118.25,34.75,138.76786912176
118.5,34.75,128.11995744285
118.75,34.75,120.71810443116
119,34.75,117.82462120625
119.25,34.75,118.81711804901
119.5,34.75,121.54970083367
119.75,34.75,125.10300076009
120,34.75,128.58170198276
120.25,34.75,132.76153081256
120.5,34.75,136.20443652624
120.75,34.75,140.74195341168
121,34.75,144.40691444177
121.25,34.75,142.36926631772
105,35,100.0403498984
105.25,35,102.9128758987
105.5,35,105.0462594091
105.75,35,109.60604236536
106,35,121.87174324016
106.25,35,145.11891298678
106.5,35,169.64597732874
106.75,35,152.06376354894
107,35,107.51855132153
107.25,35,94.451912538993
107.5,35,100.76448325612
107.75,35,107.61975933174
108,35,115.26409022361
108.25,35,120.43428118598
108.5,35,122.29578768132
108.75,35,124.24738554569
109,35,125.1279277038
109.25,35,126.7740270383
109.5,35,128.37885689227
109.75,35,131.77405806378
110,35,135.42114378614
110.25,35,138.04224587691
110.5,35,139.98207760285
110.75,35,140.64554233759
111,35,141.77736559681
111.25,35,143.16529495843
111.5,35,145.76829860815
111.75,35,149.33280565533
112,35,153.04374282691
112.25,35,156.79405910289
112.5,35,160.43757399405
112.75,35,163.08984275171
113,35,164.90648031882
113.25,35,165.90566018885
113.5,35,165.10047549313
113.75,35,163.0188835418
114,35,159.50294655174
114.25,35,149.57110321353
114.5,35,137.90860793653
114.75,35,127.54822772816
115,35,119.5095184365
115.25,35,115.17768518975
115.5,35,117.20843480104
115.75,35,124.50699001457
116,35,134.20430159696
116.25,35,145.09345318083
116.5,35,155.98541041272
116.75,35,166.23955409747
117,35,173.93280712294
117.25,35,176.92411838484
117.5,35,174.80526799375
117.75,35,167.56025244996
118,35,157.51625633118
118.25,35,145.62325423034
118.5,35,134.53374913081
118.75,35,128.48109722612
119,35,124.4916383485
119.25,35,124.06026349168
119.5,35,125.69863503345
119.75,35,128.26887263551
120,35,130.96779007813
120.25,35,134.51561561105
120.5,35,137.38041408584
120.75,35,141.51091469995
121,35,144.86386420942
106,35.25,137.35733990956
106.25,35.25,170.02008373124
106.5,35.25,228.04186416632
106.75,35.25,199.73433191878
107,35.25,127.58109597929
107.25,35.25,105.12133664984
107.5,35.25,105.02037587132
107.75,35.25,108.60526711725
108,35.25,113.45001507585
108.25,35.25,118.04722905183
108.5,35.25,121.94679853852
108.75,35.25,125.24942976064
109,35.25,126.8994825743
109.25,35.25,128.30355950497
109.5,35.25,129.98224273101
109.75,35.25,132.76439019248
110,35.25,135.7419661046
110.25,35.25,138.87585399312
110.5,35.25,139.23891303607
110.75,35.25,137.75307175551
111,35.25,137.1709764673
111.25,35.25,137.17084414542
111.5,35.25,139.55012571515
111.75,35.25,143.0674092126
112,35.25,146.5480435619
112.25,35.25,149.59723276358
112.5,35.25,152.37912095322
112.75,35.25,154.17792782304
113,35.25,154.51643222328
113.25,35.25,154.72410514099
113.5,35.25,153.67488716636
113.75,35.25,150.73097366975
114,35.25,145.36889785761
114.25,35.25,136.87510200492
114.5,35.25,126.48397569676
114.75,35.25,115.81302318441
115,35.25,106.43905459299
115.25,35.25,99.350623882388
115.5,35.25,103.65756196291
115.75,35.25,114.10452538109
116,35.25,125.72839708099
116.25,35.25,138.10840225028
116.5,35.25,151.09073085334
116.75,35.25,163.40467256412
117,35.25,174.03699397412
117.25,35.25,180.90742858663
117.5,35.25,182.15182910736
117.75,35.25,176.64374941838
118,35.25,165.80085215039
118.25,35.25,154.01583856048
118.5,35.25,143.54258605272
118.75,35.25,136.74313418359
119,35.25,132.17390512305
119.25,35.25,129.96144473366
119.5,35.25,130.06947899382
119.75,35.25,131.57082298269
120,35.25,133.25973752835
120.25,35.25,135.72675697852
120.5,35.25,137.08709889093
120.75,35.25,139.63175542592
121,35.25,139.7924117316
121.25,35.25,141.53255326215
121.5,35.25,138.77027507191
121.75,35.25,139.25102122166
122,35.25,134.61820538205
122.25,35.25,135.03232317434
122.5,35.25,134.95809971952
105.75,35.5,123.98072330483
106,35.5,143.60612380161
106.25,35.5,172.97891365993
106.5,35.5,202.35012098289
106.75,35.5,189.25120562172
107,35.5,147.36855361108
107.25,35.5,121.77596438708
107.5,35.5,112.38235105599
107.75,35.5,110.19383075908
108,35.5,111.55527887477
108.25,35.5,115.08143980581
108.5,35.5,121.1147683126
108.75,35.5,125.24944095089
109,35.5,127.86891340357
109.25,35.5,129.31082029829
109.5,35.5,130.57252774227
109.75,35.5,132.83708694841
110,35.5,135.58256548989
110.25,35.5,138.63574112414
110.5,35.5,137.96492533264
110.75,35.5,134.23212221232
111,35.5,132.42124016352
111.25,35.5,131.80739226427
111.5,35.5,133.16662329562
111.75,35.5,136.59962634803
112,35.5,140.78922063946
112.25,35.5,143.8952069036
112.5,35.5,146.27680553466
112.75,35.5,147.02809986821
113,35.5,146.74792920666
113.25,35.5,145.89517904563
113.5,35.5,143.74471330287
113.75,35.5,140.10945799364
114,35.5,134.44758740519
114.25,35.5,126.94316036365
114.5,35.5,118.36671020462
114.75,35.5,108.67679483712
115,35.5,100.04475949403
115.25,35.5,92.556665568932
115.5,35.5,98.166111402941
115.75,35.5,109.32968304581
116,35.5,121.47480850444
116.25,35.5,134.2399732685
116.5,35.5,148.38033577209
116.75,35.5,163.37238021141
117,35.5,177.26791267965
117.25,35.5,188.14254363298
117.5,35.5,194.5379321778
117.75,35.5,190.010956669
118,35.5,177.04959622094
118.25,35.5,162.68480631602
118.5,35.5,151.39094989476
118.75,35.5,143.34138425882
119,35.5,138.07507536445
119.25,35.5,135.62096430745
119.5,35.5,134.72423240839
119.75,35.5,135.18817254443
120,35.5,136.18329830452
120.25,35.5,137.8615115214
120.5,35.5,137.92774724882
120.75,35.5,140.91950266008
121,35.5,140.59644676911
121.25,35.5,142.99240353929
121.5,35.5,139.54112144483
121.75,35.5,140.09393964548
122,35.5,138.7715604862
122.25,35.5,135.41358863499
122.5,35.5,135.788890095
108.75,35.75,124.25271159212
109,35.75,127.02825973878
109.25,35.75,128.52339258936
109.5,35.75,130.07494620532
109.75,35.75,131.72679283504
110,35.75,133.36932598728
110.25,35.75,133.02059834701
110.5,35.75,130.58295774173
110.75,35.75,127.83738864356
111,35.75,126.10436813531
111.25,35.75,124.58500579833
111.5,35.75,125.23112121801
111.75,35.75,129.92555556001
112,35.75,135.56851590786
112.25,35.75,139.31907102441
112.5,35.75,140.43194148164
112.75,35.75,140.59843974647
113,35.75,139.91714911905
113.25,35.75,138.55075343087
113.5,35.75,135.90508940586
113.75,35.75,132.07884778194
114,35.75,126.7218299767
114.25,35.75,120.44943560797
114.5,35.75,113.88906026658
114.75,35.75,107.04131257016
115,35.75,101.24025858108
115.25,35.75,98.372830650562
115.5,35.75,101.72949632376
115.75,35.75,110.04930994931
116,35.75,121.04832797361
116.25,35.75,133.4816417292
116.5,35.75,147.8209624799
116.75,35.75,164.50636218281
117,35.75,181.26188666361
117.25,35.75,195.97676735605
117.5,35.75,207.99306171043
117.75,35.75,205.82663328796
118,35.75,185.67901860432
118.25,35.75,168.75086654727
118.5,35.75,156.74495040112
118.75,35.75,148.24960621197
119,35.75,142.40394181121
119.25,35.75,139.44992309009
119.5,35.75,138.02529112655
119.75,35.75,137.89932521139
120,35.75,138.33131714957
120.25,35.75,137.65438893558
120.5,35.75,138.84177935918
120.75,35.75,140.97335950889
121,35.75,142.01039754219
121.25,35.75,142.94077267696
121.5,35.75,140.72479914246
121.75,35.75,140.58617226823
122,35.75,139.82365874712
122.25,35.75,136.91695461788
122.5,35.75,136.83698410058
106.25,36,154.89640668125
106.5,36,162.42337101148
106.75,36,159.08824831289
107,36,147.21122859426
107.25,36,133.14077097767
107.5,36,121.17195072285
107.75,36,112.39800510492
108,36,111.30010622852
108.25,36,116.10327991359
108.5,36,120.6647851196
108.75,36,123.91190877285
109,36,125.6578642061
109.25,36,127.41293884542
109.5,36,129.09925024725
109.75,36,129.04913611735
110,36,128.64683939386
110.25,36,126.03133510095
110.5,36,120.41167912361
110.75,36,119.0355404472
111,36,118.65853268903
111.25,36,115.21333854455
111.5,36,112.4955600075
111.75,36,123.23040059117
112,36,130.646161
112.25,36,135.88324425456
112.5,36,134.91354927427
112.75,36,134.51357224246
113,36,133.96599279572
113.25,36,132.75653242509
113.5,36,129.72273509465
113.75,36,126.71633451102
114,36,121.64309517995
114.25,36,116.49817560887
114.5,36,112.35491034796
114.75,36,108.51592580323
115,36,105.52433984093
115.25,36,105.15655439996
115.5,36,107.89943801775
115.75,36,114.14071872268
116,36,123.35285336864
116.25,36,134.8004702163
116.5,36,149.09525522357
116.75,36,165.59493463745
117,36,183.21100127507
117.25,36,198.08805648277
117.5,36,208.55492164619
117.75,36,205.2674236557
118,36,186.14176419461
118.25,36,169.73608153259
118.5,36,158.67775917545
118.75,36,150.56278050056
119,36,144.48600416532
119.25,36,141.58293116505
119.5,36,140.28735628662
119.75,36,140.07113478558
120,36,139.7247270525
120.25,36,139.97282525922
120.5,36,140.00781751289
120.75,36,141.51706324967
121,36,142.48414979721
121.25,36,143.4658019256
121.5,36,144.91898614188
121.75,36,144.22584046936
122,36,142.25396594949
122.25,36,139.28203304499
122.5,36,135.85338709731
122.75,36,135.5894626943
105,36.25,113.20189069267
105.25,36.25,117.25985623959
105.5,36.25,122.79753284422
105.75,36.25,130.19838973965
106,36.25,141.15586136315
106.25,36.25,150.17982178273
106.5,36.25,154.04429696138
106.75,36.25,152.49051094542
107,36.25,145.15807822292
107.25,36.25,134.96032474391
107.5,36.25,125.45341269456
107.75,36.25,117.71643706987
108,36.25,116.48494974749
108.25,36.25,120.14088222211
108.5,36.25,123.62901893145
108.75,36.25,125.46243235853
109,36.25,126.33879541317
109.25,36.25,127.54753092353
109.5,36.25,128.91172909373
109.75,36.25,127.68346623012
110,36.25,125.58022868209
110.25,36.25,121.57372021992
110.5,36.25,115.83788361988
110.75,36.25,113.40652572492
111,36.25,112.21937842677
111.25,36.25,110.60870000194
111.5,36.25,111.57537578241
111.75,36.25,118.46427956498
112,36.25,124.54947668502
112.25,36.25,128.16680904978
112.5,36.25,128.84317068114
112.75,36.25,129.00302760601
113,36.25,129.2111867929
113.25,36.25,128.52693206281
113.5,36.25,126.56534383982
113.75,36.25,123.60494091345
114,36.25,118.9803253029
114.25,36.25,115.64859756137
114.5,36.25,113.43791983598
114.75,36.25,111.35971584985
115,36.25,110.52721470765
115.25,36.25,111.66096272124
115.5,36.25,114.68378964744
115.75,36.25,120.35612096769
116,36.25,128.55550820194
116.25,36.25,139.69575788009
116.5,36.25,153.18885520427
116.75,36.25,169.42262917293
117,36.25,183.52668279387
117.25,36.25,193.85750687073
117.5,36.25,197.90994772558
117.75,36.25,192.09741505018
118,36.25,179.34588135272
118.25,36.25,167.043426109
118.5,36.25,158.05803560131
118.75,36.25,151.02617264515
119,36.25,145.79839119316
119.25,36.25,143.20580414989
119.5,36.25,141.47713284864
119.75,36.25,140.52413399844
120,36.25,140.5901013866
120.25,36.25,140.78993537866
120.5,36.25,141.44800672355
120.75,36.25,142.9606025556
121,36.25,144.56435757607
121.25,36.25,146.13711400199
121.5,36.25,147.51595248834
121.75,36.25,143.53661468915
122,36.25,142.15282631075
122.25,36.25,139.11949969006
122.5,36.25,138.02339874087
122.75,36.25,137.87855770288
123,36.25,136.18134453148
123.25,36.25,135.44415467547
105,36.5,121.12690883036
105.25,36.5,124.00270549451
105.5,36.5,128.99554381
105.75,36.5,136.59900112064
106,36.5,143.21242064843
106.25,36.5,148.7725868222
106.5,36.5,151.07007119371
106.75,36.5,150.33273308733
107,36.5,145.96923379602
107.25,36.5,139.0214993834
107.5,36.5,132.47192480911
107.75,36.5,127.91566624094
108,36.5,126.04812320021
108.25,36.5,126.75376061737
108.5,36.5,127.83192882762
108.75,36.5,128.41670886438
109,36.5,128.68533885849
109.25,36.5,128.23852957765
109.5,36.5,128.76918549368
109.75,36.5,127.5533088918
110,36.5,124.89321898721
110.25,36.5,120.45103366958
110.5,36.5,115.88475821614
110.75,36.5,112.89641044378
111,36.5,110.91511890541
111.25,36.5,110.39846020632
111.5,36.5,111.80706424255
111.75,36.5,115.26472330815
112,36.5,118.63154029692
112.25,36.5,121.12190631464
112.5,36.5,122.79980669072
112.75,36.5,124.15136639666
113,36.5,125.1157215307
113.25,36.5,124.91080534629
113.5,36.5,123.76933577777
113.75,36.5,121.87449310977
114,36.5,119.11073720401
114.25,36.5,117.08806895593
114.5,36.5,115.98535693247
114.75,36.5,115.27956457912
115,36.5,115.90773504947
115.25,36.5,118.15443740926
115.5,36.5,121.58133472025
115.75,36.5,127.50590782329
116,36.5,135.37720949713
116.25,36.5,146.52296111104
116.5,36.5,160.57102394366
116.75,36.5,175.15089188454
117,36.5,184.34749468772
117.25,36.5,189.68645818337
117.5,36.5,188.67849258815
117.75,36.5,181.10971263163
118,36.5,170.42439725667
118.25,36.5,161.75746520844
118.5,36.5,155.64516657535
118.75,36.5,149.90561429146
119,36.5,145.59978303555
119.25,36.5,143.26999798336
119.5,36.5,141.65674765295
119.75,36.5,140.80577783394
120,36.5,140.52285132506
120.25,36.5,141.23750867126
120.5,36.5,142.40619944884
120.75,36.5,144.4356165516
121,36.5,145.84192477056
121.25,36.5,146.35576889677
121.5,36.5,146.84693660586
121.75,36.5,149.06751183106
122,36.5,143.67326150647
122.25,36.5,141.7608202338
122.5,36.5,141.58030056224
122.75,36.5,140.78657928424
123,36.5,138.41326033907
123.25,36.5,139.10734939973
123.5,36.5,137.18070785104
105.25,36.75,132.53968429362
105.5,36.75,136.34201905492
105.75,36.75,140.96498831392
106,36.75,145.916798775
106.25,36.75,149.61404758765
106.5,36.75,151.56492395646
106.75,36.75,152.07507159737
107,36.75,150.44473247608
107.25,36.75,146.39665840166
107.5,36.75,142.33384518167
107.75,36.75,139.11754209517
108,36.75,136.8007368503
108.25,36.75,135.2595801524
108.5,36.75,133.64122921311
108.75,36.75,132.10367007675
109,36.75,131.12923144617
109.25,36.75,130.43261461222
109.5,36.75,129.53311196297
109.75,36.75,128.27649366469
110,36.75,126.317579911
110.25,36.75,122.3085584316
110.5,36.75,117.40307975895
110.75,36.75,114.33217156092
111,36.75,111.93938313887
111.25,36.75,111.02719869548
111.5,36.75,111.33716866549
111.75,36.75,112.54361949206
112,36.75,113.76819015175
112.25,36.75,114.64132850753
112.5,36.75,117.57496353181
112.75,36.75,119.99046615609
113,36.75,121.80735817082
113.25,36.75,122.38906978542
113.5,36.75,122.12316609877
113.75,36.75,121.23446889953
114,36.75,119.90437168438
114.25,36.75,119.30418828693
114.5,36.75,119.09223536168
114.75,36.75,119.58061134989
115,36.75,120.96463141736
115.25,36.75,124.20028260331
115.5,36.75,128.03326443219
115.75,36.75,133.50260255053
116,36.75,141.53440487603
116.25,36.75,152.89266651651
116.5,36.75,167.30555094318
116.75,36.75,181.30202183972
117,36.75,186.58481878527
117.25,36.75,185.04699151777
117.5,36.75,180.42365822487
117.75,36.75,172.60728237684
118,36.75,162.3331328716
118.25,36.75,156.4663222147
118.5,36.75,153.25568052795
118.75,36.75,147.72495233489
119,36.75,143.63779738774
119.25,36.75,141.66707452047
119.5,36.75,140.93121004043
119.75,36.75,140.58794537394
120,36.75,140.65855175004
120.25,36.75,141.31442924177
120.5,36.75,142.99013043999
120.75,36.75,145.43236958228
121,36.75,146.57224247181
121.25,36.75,148.23425308304
121.5,36.75,149.29772830238
121.75,36.75,150.77246301475
122,36.75,145.46897588589
122.25,36.75,145.65259835196
122.5,36.75,145.11909412631
122.75,36.75,144.26439783131
123,36.75,141.48907959907
123.25,36.75,140.22098686202
123.5,36.75,137.97993067844
104.5,37,141.10789904878
104.75,37,138.9182541518
105,37,137.68123203824
105.25,37,139.08572171992
105.5,37,141.86859507704
105.75,37,145.52862569829
106,37,149.45815917219
106.25,37,152.94378052111
106.5,37,155.40111622191
106.75,37,157.34811750617
107,37,157.53171706985
107.25,37,156.80933783582
107.5,37,154.36160106761
107.75,37,152.4934694061
108,37,148.94690652478
108.25,37,144.53291028567
108.5,37,140.31092038041
108.75,37,136.60167348759
109,37,133.68569414858
109.25,37,131.31098199428
109.5,37,129.87450377843
109.75,37,128.87969379801
110,37,128.02667693861
110.25,37,124.74588383593
110.5,37,120.11268109209
110.75,37,116.52807914101
111,37,113.52193056934
111.25,37,111.70580332605
111.5,37,110.84208299276
111.75,37,110.69949220677
112,37,110.76978355701
112.25,37,111.70931683516
112.5,37,114.22513478889
112.75,37,116.92847047404
113,37,119.1057734034
113.25,37,121.22511453733
113.5,37,122.07761500283
113.75,37,122.10529307989
114,37,122.09203233137
114.25,37,121.96132217997
114.5,37,122.38099878027
114.75,37,123.75757550608
115,37,125.78824201924
115.25,37,129.1492385334
115.5,37,132.60503394969
115.75,37,137.89774077848
116,37,145.40482356662
116.25,37,156.59257811545
116.5,37,171.37758692671
116.75,37,189.07978276337
117,37,188.61470216453
117.25,37,178.97627063092
117.5,37,172.37890925888
117.75,37,168.12132401715
118,37,163.69028844595
118.25,37,160.2618822406
118.5,37,154.4829426621
118.75,37,145.58959400669
119,37,140.81419646244
119.25,37,140.01323614047
119.5,37,140.21851197679
119.75,37,140.61281009635
120,37,140.84095312949
120.25,37,141.67386655102
120.5,37,143.15644329603
120.75,37,146.2796532569
121,37,148.9882731733
121.25,37,151.12787124212
121.5,37,152.00499258019
121.75,37,153.63222008391
122,37,150.10080516957
122.25,37,146.43578651174
122.5,37,144.68437589459
122.75,37,143.40819271358
123,37,142.12062073941
123.25,37,139.90475595949
123.5,37,135.93034242127
105,37.25,146.41326753251
105.25,37.25,146.81134749436
105.5,37.25,148.79683352067
105.75,37.25,150.62076937092
106,37.25,153.73638123327
106.25,37.25,157.47386417914
106.5,37.25,159.99891244016
106.75,37.25,163.43399459851
107,37.25,166.42072535099
107.25,37.25,169.06665306339
107.5,37.25,168.41558215042
107.75,37.25,169.84845099348
108,37.25,162.26111254761
108.25,37.25,153.51199732232
108.5,37.25,146.32938012721
108.75,37.25,140.56532373147
109,37.25,135.62508791474
109.25,37.25,131.80396053059
109.5,37.25,129.38968269932
109.75,37.25,128.5347633065
110,37.25,127.64683982775
110.25,37.25,125.23487139415
110.5,37.25,121.37841547007
110.75,37.25,117.94379235799
111,37.25,114.74643608715
111.25,37.25,112.37239361096
111.5,37.25,111.01377807983
111.75,37.25,109.88543388876
112,37.25,109.26404145786
112.25,37.25,109.6655592169
112.5,37.25,111.8939454654
112.75,37.25,115.3929582636
113,37.25,118.13474047965
113.25,37.25,121.38655164265
113.5,37.25,123.7356197837
113.75,37.25,124.65940557811
114,37.25,125.33065106151
114.25,37.25,125.60880933108
114.5,37.25,126.32792853777
114.75,37.25,127.89932183456
115,37.25,130.24501528681
115.25,37.25,133.00580382213
115.5,37.25,135.89008054809
115.75,37.25,140.14587545149
116,37.25,146.38207142993
116.25,37.25,155.47275187076
116.5,37.25,168.10406798068
116.75,37.25,179.15435539923
117,37.25,177.24593402434
117.25,37.25,168.30660054794
117.5,37.25,163.78371197712
117.75,37.25,165.39107995488
118,37.25,168.76544651259
118.25,37.25,170.89673504928
118.5,37.25,159.94139106827
118.75,37.25,140.56715414053
119,37.25,136.76329232268
119.25,37.25,138.88909920909
119.5,37.25,140.92004752585
119.75,37.25,141.66564039683
120,37.25,141.82784643166
120.25,37.25,142.83452413357
120.5,37.25,143.73246401162
120.75,37.25,147.8741051299
121,37.25,153.20589431734
121.25,37.25,154.56078275265
121.5,37.25,154.51358331841
121.75,37.25,156.31108697253
122,37.25,152.27977393647
122.25,37.25,151.90649742384
122.5,37.25,150.36570803418
122.75,37.25,149.02894131346
123,37.25,146.0656980919
123.25,37.25,140.46744771316
123.5,37.25,135.77332264663
104.5,37.5,155.18904904067
104.75,37.5,152.87866678259
105,37.5,152.52107732021
105.25,37.5,152.14086584515
105.5,37.5,152.76202260534
105.75,37.5,155.32636997928
106,37.5,158.433103457
106.25,37.5,161.52485115285
106.5,37.5,165.2437396406
106.75,37.5,169.59707019228
107,37.5,175.05433402526
107.25,37.5,183.50721749274
107.5,37.5,196.15168890234
107.75,37.5,191.94388945816
108,37.5,173.62897721361
108.25,37.5,159.9929815485
108.5,37.5,150.23814811222
108.75,37.5,143.22656895833
109,37.5,136.36462660359
109.25,37.5,131.64522042647
109.5,37.5,128.7842497406
109.75,37.5,127.90390189006
110,37.5,127.07220543051
110.25,37.5,124.1508311528
110.5,37.5,121.76116754178
110.75,37.5,118.95971687016
111,37.5,116.14771244232
111.25,37.5,113.53159389324
111.5,37.5,112.31139179669
111.75,37.5,110.58881935869
112,37.5,108.71567859942
112.25,37.5,107.8580830233
112.5,37.5,111.3531706104
112.75,37.5,116.83883189874
113,37.5,120.94411633025
113.25,37.5,123.88144780465
113.5,37.5,126.49604614301
113.75,37.5,128.57857168562
114,37.5,129.62975211454
114.25,37.5,130.51382497581
114.5,37.5,131.42303663413
114.75,37.5,132.38554692297
115,37.5,135.00940085895
115.25,37.5,136.46551314515
115.5,37.5,138.35821040187
115.75,37.5,140.77697668272
116,37.5,145.02829963444
116.25,37.5,152.18019896934
116.5,37.5,160.93363279974
116.75,37.5,167.08752300464
117,37.5,166.08688579241
117.25,37.5,157.46714138823
117.5,37.5,154.11385061666
117.75,37.5,162.75887356592
118,37.5,170.29240430748
118.25,37.5,177.57985259081
118.5,37.5,181.27811105729
118.75,37.5,123.91322934794
119,37.5,131.59800554911
119.25,37.5,138.50406054557
119.5,37.5,142.34689685683
119.75,37.5,144.69122049363
120,37.5,145.69914727307
120.25,37.5,146.15671329684
120.5,37.5,147.74501735392
120.75,37.5,152.21251291138
121,37.5,156.63582841771
121.25,37.5,159.59064304094
121.5,37.5,160.20642372437
121.75,37.5,163.07247089599
122,37.5,159.26546459724
122.25,37.5,157.86960672316
122.5,37.5,155.80617603854
122.75,37.5,153.27540425357
123,37.5,149.85277691438
123.25,37.5,145.53377970657
123.5,37.5,141.03449107313
104.25,37.75,162.33128054822
104.5,37.75,158.05724690129
104.75,37.75,156.52019787175
105,37.75,155.41513044014
105.25,37.75,155.26621325931
105.5,37.75,155.49703795526
105.75,37.75,157.75333469848
106,37.75,160.13930925184
106.25,37.75,163.5021433613
106.5,37.75,167.71741974155
106.75,37.75,172.49270724335
107,37.75,178.70951007536
107.25,37.75,188.24601734454
107.5,37.75,198.66050785687
107.75,37.75,193.59178131642
108,37.75,176.38807713804
108.25,37.75,161.63707343537
108.5,37.75,150.37706961974
108.75,37.75,141.54850420384
109,37.75,134.85896523943
109.25,37.75,130.92482901197
109.5,37.75,128.31564385087
109.75,37.75,127.25416748374
110,37.75,126.98626817595
110.25,37.75,125.4773652286
110.5,37.75,122.57684088415
110.75,37.75,120.33639359061
111,37.75,118.59639014953
111.25,37.75,116.76627175256
111.5,37.75,115.23863355987
111.75,37.75,113.42920353742
112,37.75,111.04667299254
112.25,37.75,108.47879779062
112.5,37.75,114.42048986003
112.75,37.75,121.20632235815
113,37.75,125.76444783913
113.25,37.75,128.91909014249
113.5,37.75,131.34836195136
113.75,37.75,133.509310632
114,37.75,135.42611474637
114.25,37.75,137.11882353099
114.5,37.75,138.69166027863
114.75,37.75,139.77855833599
115,37.75,141.01039809649
115.25,37.75,141.50772736526
115.5,37.75,141.46016808081
115.75,37.75,140.84036374012
116,37.75,142.48725137079
116.25,37.75,148.35585186654
116.5,37.75,155.48827644221
116.75,37.75,160.90074794493
117,37.75,162.93568177781
117.25,37.75,158.5868065971
117.5,37.75,155.35288479581
117.75,37.75,160.60085760043
118,37.75,164.84600439987
118.25,37.75,161.60929949913
118.5,37.75,138.89973513935
118.75,37.75,126.47413715184
119,37.75,135.2183555178
119.25,37.75,141.6297985871
119.5,37.75,144.90385679381
119.75,37.75,146.65677753233
120,37.75,148.20774388147
120.25,37.75,151.51284435157
120.5,37.75,153.52703818476
120.75,37.75,157.56953464709
121,37.75,162.31713763965
121.25,37.75,166.44974999622
121.5,37.75,169.88877667482
121.75,37.75,171.84331675871
122,37.75,168.24595706727
122.25,37.75,167.52279515708
122.5,37.75,162.11045393275
122.75,37.75,158.07078777459
123,37.75,153.49837437736
123.25,37.75,150.84035839988
123.5,37.75,146.07266844645
104.25,38,162.82560861977
104.5,38,160.54113760625
104.75,38,158.91140707277
105,38,157.40093911229
105.25,38,156.98080721524
105.5,38,157.2525146956
105.75,38,158.15524368446
106,38,160.57163688082
106.25,38,163.98372548522
106.5,38,168.42031309596
106.75,38,173.51042991933
107,38,178.31676836594
107.25,38,183.98064370517
107.5,38,187.04782564134
107.75,38,182.48684953618
108,38,170.97784252277
108.25,38,158.85659461579
108.5,38,147.62197396527
108.75,38,138.38786470415
109,38,132.44175109459
109.25,38,130.11358304229
109.5,38,127.96389995908
109.75,38,126.65422920148
110,38,125.94213279304
110.25,38,124.85623151908
110.5,38,123.63009048485
110.75,38,122.71848636172
111,38,121.67823313514
111.25,38,120.97975900703
111.5,38,120.16939790171
111.75,38,119.14141705754
112,38,118.14594737375
112.25,38,118.7617905116
112.5,38,122.97386905929
112.75,38,129.43217292753
113,38,133.7631771944
113.25,38,135.98522427214
113.5,38,137.97990232116
113.75,38,139.95030712709
114,38,142.42357137175
114.25,38,145.52012671949
114.5,38,146.78755620585
114.75,38,147.708804078
115,38,147.60022441304
115.25,38,146.69067985234
115.5,38,144.7794798052
115.75,38,141.65164815989
116,38,138.2476443487
116.25,38,140.98499244336
116.5,38,151.60820174239
116.75,38,158.87642386838
117,38,162.71812123872
117.25,38,162.12057619134
117.5,38,159.90051158136
117.75,38,159.66761540325
118,38,158.06576279683
118.25,38,153.54426106079
118.5,38,145.73668218109
118.75,38,144.63841147637
119,38,149.70055008205
119.25,38,149.05043467693
119.5,38,148.41900827616
119.75,38,149.3933621924
120,38,151.1941409551
120.25,38,154.64900794945
120.5,38,161.8860440929
120.75,38,167.1937871861
121,38,172.59423237824
121.25,38,175.86387918695
121.5,38,179.69373921862
121.75,38,181.39090602139
122,38,177.23480507236
122.25,38,174.71322445136
122.5,38,169.19997247702
122.75,38,163.75287839451
123,38,157.82383171809
123.25,38,153.28235938668
104.25,38.25,161.70588109791
104.5,38.25,158.88757319841
104.75,38.25,157.96487405068
105,38.25,156.91755130729
105.25,38.25,156.74353275184
105.5,38.25,156.28206875953
105.75,38.25,157.23957942153
106,38.25,158.97196399162
106.25,38.25,162.22739168782
106.5,38.25,166.82520684284
106.75,38.25,171.2274323644
107,38.25,174.44750561985
107.25,38.25,176.75990054473
107.5,38.25,176.35190861331
107.75,38.25,171.84339049342
108,38.25,163.54591600707
108.25,38.25,153.59592081806
108.5,38.25,144.98319378301
108.75,38.25,137.39728412829
109,38.25,132.94401336485
109.25,38.25,130.42217030053
109.5,38.25,128.57581829984
109.75,38.25,126.82827202768
110,38.25,125.49195475793
110.25,38.25,124.32405682802
110.5,38.25,124.84798137636
110.75,38.25,125.19913858262
111,38.25,125.58248085762
111.25,38.25,126.06497193351
111.5,38.25,126.58411458106
111.75,38.25,127.0699944811
112,38.25,127.9297195705
112.25,38.25,130.20931327451
112.5,38.25,134.75311396998
112.75,38.25,140.69712454305
113,38.25,145.42112385635
113.25,38.25,146.44252787049
113.5,38.25,147.69145849245
113.75,38.25,148.82281393549
114,38.25,150.53546097771
114.25,38.25,153.14411640749
114.5,38.25,155.21584242899
114.75,38.25,155.16816216241
115,38.25,155.59400647936
115.25,38.25,154.87613695462
115.5,38.25,151.80368636085
115.75,38.25,147.13440097396
116,38.25,138.08750330848
116.25,38.25,139.55980608028
116.5,38.25,153.50319401082
116.75,38.25,163.21802018601
117,38.25,168.25489576158
117.25,38.25,167.83558244652
117.5,38.25,165.09162586146
117.75,38.25,159.667355468
118,38.25,154.78625246062
118.25,38.25,150.6715831793
118.5,38.25,149.18327546941
118.75,38.25,155.33776453842
119,38.25,163.00585877153
119.25,38.25,153.52777443751
119.5,38.25,150.30135836854
119.75,38.25,151.70871015224
120,38.25,154.83957982953
120.25,38.25,159.52615800445
120.5,38.25,165.32934916622
120.75,38.25,177.88354132213
121,38.25,184.07488936997
121.25,38.25,187.27640848311
121.5,38.25,190.39203486945
121.75,38.25,190.73618215212
122,38.25,188.11385727433
122.25,38.25,184.3966463534
122.5,38.25,178.17276007853
122.75,38.25,171.75992189144
123,38.25,164.44416791365
123.25,38.25,161.47386122583
123.5,38.25,153.0282035551
123.75,38.25,148.80550318209
124,38.25,141.04785984074
104.25,38.5,158.33764134705
104.5,38.5,156.56571062013
104.75,38.5,155.69601272551
105,38.5,154.8607389348
105.25,38.5,153.72846791586
105.5,38.5,153.82102058737
105.75,38.5,154.47943669647
106,38.5,155.494158366
106.25,38.5,158.23945044701
106.5,38.5,161.7311515861
106.75,38.5,165.90825274427
107,38.5,168.4552608434
107.25,38.5,168.7069273213
107.5,38.5,166.69913249383
107.75,38.5,162.27846359191
108,38.5,155.74080532515
108.25,38.5,148.5990801481
108.5,38.5,141.40397984505
108.75,38.5,136.29662637545
109,38.5,133.50176725974
109.25,38.5,131.08548104854
109.5,38.5,129.49370888234
109.75,38.5,127.83121989932
110,38.5,126.43238295525
110.25,38.5,126.09486620029
110.5,38.5,127.06341876858
110.75,38.5,128.21153393836
111,38.5,129.75763294668
111.25,38.5,131.72429686571
111.5,38.5,133.75599247431
111.75,38.5,135.67559630188
112,38.5,138.37892509785
112.25,38.5,142.62642277353
112.5,38.5,148.88054432842
112.75,38.5,155.37644843912
113,38.5,159.1606488945
113.25,38.5,158.95586429123
113.5,38.5,158.68428840887
113.75,38.5,159.32119890814
114,38.5,159.74984466677
114.25,38.5,160.83965719277
114.5,38.5,163.22524508646
114.75,38.5,163.8277987552
115,38.5,163.64886578454
115.25,38.5,162.51356281533
115.5,38.5,161.42377349188
115.75,38.5,160.26777371285
116,38.5,159.0430767623
116.25,38.5,160.2425283074
116.5,38.5,164.27547054174
116.75,38.5,172.73087260772
117,38.5,178.58017783721
117.25,38.5,179.03529619652
117.5,38.5,170.52642446124
117.75,38.5,159.71122852837
118,38.5,151.32454183216
118.25,38.5,145.80413969981
118.5,38.5,144.05443544791
118.75,38.5,146.90908572081
119,38.5,149.14124071983
119.25,38.5,147.36066869287
119.5,38.5,147.21547900583
119.75,38.5,151.1871770579
120,38.5,157.25571486924
120.25,38.5,164.24022260061
120.5,38.5,171.92028600879
120.75,38.5,179.29298227976
121,38.5,193.3653581956
121.25,38.5,199.64005695686
121.5,38.5,203.59532427237
121.75,38.5,203.71064796978
122,38.5,203.31801644962
122.25,38.5,194.90888910594
122.5,38.5,186.60569231797
122.75,38.5,177.98320895345
123,38.5,172.71831958498
123.25,38.5,164.72290379197
123.5,38.5,156.82635133198
123.75,38.5,149.72722217207
104,38.75,154.21840752002
104.25,38.75,154.19478242643
104.5,38.75,153.46559639957
104.75,38.75,152.65414528742
105,38.75,151.90899126749
105.25,38.75,151.25798790297
105.5,38.75,151.16754723029
105.75,38.75,151.04435588784
106,38.75,151.34600633736
106.25,38.75,152.88653986487
106.5,38.75,155.33023546803
106.75,38.75,158.68750074217
107,38.75,160.7462730417
107.25,38.75,160.5876874085
107.5,38.75,158.21859674953
107.75,38.75,153.93476389213
108,38.75,148.25003693592
108.25,38.75,142.63331703068
108.5,38.75,137.32342247741
108.75,38.75,134.42183510402
109,38.75,133.31304517014
109.25,38.75,131.55409003438
109.5,38.75,130.24098866234
109.75,38.75,129.36288806623
110,38.75,128.84746544697
110.25,38.75,129.14624001735
110.5,38.75,130.22376862029
110.75,38.75,131.71434631952
111,38.75,133.89945880001
111.25,38.75,136.6215730752
111.5,38.75,139.98745836545
111.75,38.75,143.88593108296
112,38.75,148.43223179933
112.25,38.75,154.87929090155
112.5,38.75,163.79182015152
112.75,38.75,172.30291635047
113,38.75,174.27442061076
113.25,38.75,172.52360272578
113.5,38.75,171.39610587321
113.75,38.75,170.83825971456
114,38.75,169.78199642975
114.25,38.75,170.21449405322
114.5,38.75,171.3667505741
114.75,38.75,171.40934159817
115,38.75,171.52987387627
115.25,38.75,172.17293193928
115.5,38.75,172.57940350588
115.75,38.75,175.09317553188
116,38.75,183.48207807127
116.25,38.75,184.78382748376
116.5,38.75,182.42888959826
116.75,38.75,186.53839063648
117,38.75,191.0782931692
117.25,38.75,194.16014164366
117.5,38.75,177.2834370532
117.75,38.75,158.40926251383
118,38.75,145.74437202411
118.25,38.75,137.55685905093
118.5,38.75,133.38262012551
118.75,38.75,133.2526952272
119,38.75,134.49005165945
119.25,38.75,136.1082569602
119.5,38.75,141.0082284086
119.75,38.75,149.96426609652
120,38.75,159.61482822723
120.25,38.75,168.54902803904
120.5,38.75,177.34108149702
120.75,38.75,186.16545911587
121,38.75,195.27502455373
121.25,38.75,212.62772051864
121.5,38.75,216.82839955469
121.75,38.75,219.29006642359
122,38.75,216.1956264099
122.25,38.75,208.22681822618
122.5,38.75,193.90241049258
122.75,38.75,187.1919556289
123,38.75,176.06425377777
123.25,38.75,166.31948275921
123.5,38.75,160.70946224464
123.75,38.75,153.47696255704
124,38.75,148.7207042058
104,39,149.54239048953
104.25,39,149.93607733427
104.5,39,149.89829935366
104.75,39,149.19571731129
105,39,148.99988334522
105.25,39,147.58311963179
105.5,39,147.39540461255
105.75,39,146.42197038442
106,39,146.42571097202
106.25,39,147.02690459676
106.5,39,148.10882584579
106.75,39,150.50215541494
107,39,152.26470138528
107.25,39,152.96562734774
107.5,39,150.39467043481
107.75,39,146.60947937985
108,39,141.40554778882
108.25,39,136.76268212299
108.5,39,133.32436484341
108.75,39,131.63338930588
109,39,131.89649093027
109.25,39,131.44761090095
109.5,39,131.28107135786
109.75,39,131.2391958045
110,39,131.55526976833
110.25,39,132.51413217123
110.5,39,133.66165009999
110.75,39,135.56275220964
111,39,138.15455766829
111.25,39,141.41190964534
111.5,39,145.53182045117
111.75,39,150.84665441132
112,39,157.01493109065
112.25,39,164.62017996625
112.5,39,175.56262918556
112.75,39,186.54025295588
113,39,188.2966185518
113.25,39,185.97104206818
113.5,39,183.22635678635
113.75,39,182.05954286325
114,39,179.84801076721
114.25,39,179.61688474872
114.5,39,180.2353369009
114.75,39,180.72618685435
115,39,180.96421232931
115.25,39,181.36475346103
115.5,39,182.70039775885
115.75,39,186.54450062341
116,39,191.68452770009
116.25,39,195.03447896893
116.5,39,195.90954516794
116.75,39,197.14124344633
117,39,196.55679577566
117.25,39,193.6470128576
117.5,39,175.92245085186
117.75,39,153.66682090126
118,39,137.33986611063
118.25,39,126.50062553345
118.5,39,120.41608768383
118.75,39,120.15394180211
119,39,122.49684767419
119.25,39,126.63844180183
119.5,39,135.77784607934
119.75,39,149.52423335167
120,39,161.88295082827
120.25,39,171.97501799674
120.5,39,181.85456505396
120.75,39,192.03225755574
121,39,202.53825720895
121.25,39,213.26784637445
121.75,39,235.15707963222
122.75,39,197.20349875013
123,39,183.00669052737
123.25,39,170.38994166666
123.5,39,158.9524061362
123.75,39,149.11843088622
124,39,143.45319732665
124.25,39,138.73849208996
124.5,39,134.46000762279
104,39.25,144.84546706795
104.25,39.25,145.57760369024
104.5,39.25,145.47266969981
104.75,39.25,145.08157694749
105,39.25,143.38209002439
105.25,39.25,144.73464764717
105.5,39.25,142.02571495406
105.75,39.25,140.758727203
106,39.25,140.34837405364
106.25,39.25,141.09320944108
106.5,39.25,141.36719547908
106.75,39.25,142.60687905613
107,39.25,144.61044735796
107.25,39.25,144.89306564309
107.5,39.25,143.07140907088
107.75,39.25,139.09851667694
108,39.25,135.08952287016
108.25,39.25,131.4620790823
108.5,39.25,129.2257994463
108.75,39.25,128.44875538718
109,39.25,129.84706774852
109.25,39.25,130.96407856022
109.5,39.25,132.18047465553
109.75,39.25,133.13954279416
110,39.25,133.78853021275
110.25,39.25,135.04512797905
110.5,39.25,136.69753778804
110.75,39.25,139.03971347956
111,39.25,142.08242103757
111.25,39.25,145.89813877104
111.5,39.25,150.67625246645
111.75,39.25,156.78845663502
112,39.25,163.95482538072
112.25,39.25,171.9309328979
112.5,39.25,181.91266861431
112.75,39.25,190.59629645893
113,39.25,194.47817981982
113.25,39.25,193.54171785985
113.5,39.25,192.75835943443
113.75,39.25,191.83583546665
114,39.25,190.22020895074
114.25,39.25,189.24529925832
114.5,39.25,189.83575231
114.75,39.25,190.98374537192
115,39.25,190.65356026271
115.25,39.25,190.98654491278
115.5,39.25,191.11584634513
115.75,39.25,192.592415039
116,39.25,195.7818225683
116.25,39.25,198.76578895358
116.5,39.25,203.75808273464
116.75,39.25,202.61799154346
117,39.25,196.56772799625
117.25,39.25,184.98675096098
117.5,39.25,167.0572350635
117.75,39.25,146.13883165305
118,39.25,127.61626324231
118.25,39.25,115.18070532605
118.5,39.25,108.85174462511
118.75,39.25,108.16589418542
119,39.25,113.2898076647
119.25,39.25,123.15943991629
119.5,39.25,137.32643924651
119.75,39.25,153.61082546649
120,39.25,165.97978720789
120.25,39.25,175.29232435687
120.5,39.25,180.24928659981
122.25,39.25,241.26225032315
122.5,39.25,222.28399841889
122.75,39.25,202.2613043242
123,39.25,186.20430639181
123.25,39.25,172.09402141313
123.5,39.25,159.59002414931
123.75,39.25,149.12407688265
124,39.25,140.87637068125
124.25,39.25,136.93741732942
124.5,39.25,132.92519736345
124.75,39.25,132.52063317552
104,39.5,140.7284160657
104.25,39.5,140.9273424945
104.5,39.5,140.90727730312
104.75,39.5,140.68624983271
105,39.5,138.81798230166
105.25,39.5,139.74329452371
105.5,39.5,137.82660392029
105.75,39.5,136.25056571773
106,39.5,135.41853216245
106.25,39.5,135.83368846352
106.5,39.5,136.37980385805
106.75,39.5,137.00916774206
107,39.5,138.08170768643
107.25,39.5,138.00241218179
107.5,39.5,135.92006856858
107.75,39.5,133.17617781766
108,39.5,129.71209333033
108.25,39.5,126.06065861337
108.5,39.5,124.36505650801
108.75,39.5,125.17134555964
109,39.5,127.78195606388
109.25,39.5,130.43548285685
109.5,39.5,133.1351279032
109.75,39.5,134.50192458462
110,39.5,135.75063064428
110.25,39.5,136.99184543018
110.5,39.5,139.57885756525
110.75,39.5,142.52188717033
111,39.5,146.22881905344
111.25,39.5,150.61484990216
111.5,39.5,156.45131589657
111.75,39.5,162.83333111139
112,39.5,169.07053588292
112.25,39.5,177.22815980226
112.5,39.5,185.50018347996
112.75,39.5,192.76471699066
113,39.5,197.36807489947
113.25,39.5,199.47209846395
113.5,39.5,198.32664969238
113.75,39.5,199.67175643304
114,39.5,199.01428143834
114.25,39.5,198.80971797458
114.5,39.5,199.07352683631
114.75,39.5,200.00209798945
115,39.5,199.10990460841
115.25,39.5,197.75371457117
115.5,39.5,196.77255723053
115.75,39.5,194.57762700156
116,39.5,195.11259338552
116.25,39.5,198.83342861121
116.5,39.5,206.73469435204
116.75,39.5,206.86358965696
117,39.5,196.26792324995
117.25,39.5,179.85790529059
117.5,39.5,160.81267297566
117.75,39.5,139.98348355178
118,39.5,120.61558233311
118.25,39.5,106.03876656195
118.5,39.5,99.882646035487
118.75,39.5,98.505655736148
119,39.5,106.99716694348
119.25,39.5,120.48043896829
119.5,39.5,140.31858331543
119.75,39.5,160.12017829745
120,39.5,167.40155669069
120.25,39.5,173.48202992604
120.5,39.5,179.96722653651
120.75,39.5,188.16465211173
122,39.5,269.66581154595
122.25,39.5,243.73584600983
122.5,39.5,223.59962509619
122.75,39.5,204.72618740976
123,39.5,189.07127697052
123.25,39.5,173.99459416321
123.5,39.5,160.67612823785
123.75,39.5,149.86495466094
124,39.5,140.19534198236
124.25,39.5,133.38623949912
124.5,39.5,129.67207879865
124.75,39.5,131.30177522907
125,39.5,132.59328171225
104.25,39.75,136.06905906411
104.5,39.75,136.20409262286
104.75,39.75,134.08440078031
105,39.75,135.22971389742
105.25,39.75,135.31099931863
105.5,39.75,132.77878119316
105.75,39.75,132.16439081717
106,39.75,131.69134498874
106.25,39.75,131.59781159313
106.5,39.75,132.11142323159
106.75,39.75,131.80534989682
107,39.75,132.53680885461
107.25,39.75,132.19739347184
107.5,39.75,130.39728041285
107.75,39.75,128.03901679367
108,39.75,124.63570573686
108.25,39.75,121.41992416451
108.5,39.75,119.41943334145
108.75,39.75,122.01461961113
109,39.75,125.46120191233
109.25,39.75,129.62568402914
109.5,39.75,134.12581232851
109.75,39.75,134.4805725574
110,39.75,136.12470745546
110.25,39.75,138.97201938002
110.5,39.75,141.98583674613
110.75,39.75,145.38725699011
111,39.75,149.44489051238
111.25,39.75,154.03436859648
111.5,39.75,160.74652908821
111.75,39.75,167.11225928189
112,39.75,173.59676571524
112.25,39.75,180.57779742555
112.5,39.75,187.72331443671
112.75,39.75,194.74451570632
113,39.75,200.24957228854
113.25,39.75,203.55193621457
113.5,39.75,206.11066601876
113.75,39.75,208.39087470261
114,39.75,209.01708512286
114.25,39.75,209.43572187427
114.5,39.75,209.75498138234
114.75,39.75,210.97461590995
115,39.75,208.83197635061
115.25,39.75,206.22846889304
115.5,39.75,202.08124694526
115.75,39.75,194.98702348084
116,39.75,190.5191506948
116.25,39.75,192.39708609924
116.5,39.75,200.36916541477
116.75,39.75,203.35581143428
117,39.75,194.72093028262
117.25,39.75,178.88980062726
117.5,39.75,160.65432496242
117.75,39.75,139.86506649302
118,39.75,120.77855747711
118.25,39.75,106.31710451214
118.5,39.75,99.402871711167
118.75,39.75,96.9619543987
119,39.75,106.98427276067
119.25,39.75,120.63359567745
119.5,39.75,139.11577349838
119.75,39.75,157.91122064237
120,39.75,164.89815183763
120.25,39.75,170.29421779489
120.5,39.75,175.71158728539
120.75,39.75,183.38283014778
121.5,39.75,233.84780161371
121.75,39.75,259.41045390476
122,39.75,253.10714884672
122.25,39.75,236.05742015928
122.5,39.75,220.7121477105
122.75,39.75,206.20652914224
123,39.75,191.33847482012
123.25,39.75,175.8296770446
123.5,39.75,165.17521517793
123.75,39.75,153.25160619094
124,39.75,141.0310890634
124.25,39.75,131.81265238497
124.5,39.75,127.36178633629
124.75,39.75,129.25028537587
125,39.75,133.4995205957
125.25,39.75,136.39253932703
104.5,40,131.00129162429
104.75,40,131.07419361671
105,40,131.06037389577
105.25,40,130.55431320565
105.5,40,128.15524399361
105.75,40,127.90414454866
106,40,128.06800527302
106.25,40,127.8319264979
106.5,40,127.69380833033
106.75,40,127.23320000058
107,40,127.73525693003
107.25,40,126.92659849907
107.5,40,126.7375324278
107.75,40,124.81965144082
108,40,121.42606055354
108.25,40,118.65166057222
108.5,40,117.25925727726
108.75,40,120.32593184041
109,40,123.953915359
109.25,40,127.99859502276
109.5,40,131.3925024867
109.75,40,134.04542688093
110,40,137.11888859818
110.25,40,140.54208979002
110.5,40,143.49727521704
110.75,40,147.44926755284
111,40,151.7503045635
111.25,40,156.37725885754
111.5,40,163.78806078417
111.75,40,169.7104783419
112,40,175.60305791714
112.25,40,182.40279472196
112.5,40,188.24577138695
112.75,40,196.22660469709
113,40,204.07824605581
113.25,40,208.02553782535
113.5,40,210.30185107857
113.75,40,212.30539225076
114,40,215.04247562234
114.25,40,218.92651739882
114.5,40,220.6825487017
114.75,40,221.2976337066
115,40,221.53309026862
115.25,40,216.16826076757
115.5,40,207.82112878663
115.75,40,194.82993983431
116,40,182.5635740309
116.25,40,180.64622769969
116.5,40,189.08986468592
116.75,40,198.55428903528
117,40,195.32663054292
117.25,40,183.64162766556
117.5,40,163.94206997307
117.75,40,144.18890312216
118,40,127.08804936652
118.25,40,113.38814619633
118.5,40,105.95947995437
118.75,40,106.12672847965
119,40,111.40108217874
119.25,40,122.38159098946
119.5,40,134.68414643813
119.75,40,147.29213643093
120,40,156.50136565037
120.25,40,162.6072508944
120.5,40,168.33845173833
120.75,40,174.63425038367
121,40,191.56271871915
121.25,40,204.81445010637
121.5,40,215.24711167001
121.75,40,232.98722415681
122,40,229.20905935293
122.25,40,220.77301718983
122.5,40,212.9135527609
122.75,40,204.64009382007
123,40,195.88241339246
123.25,40,183.17688727669
123.5,40,173.88163513209
123.75,40,158.87159494635
124,40,141.97252299702
124.25,40,128.39274538428
124.5,40,124.32835043093
124.75,40,130.72234206367
125,40,138.63826530191
125.25,40,143.1502340986
105,40.25,126.09105213551
105.25,40.25,125.240379625
105.5,40.25,124.24412716669
105.75,40.25,124.41210577829
106,40.25,124.47227639926
106.25,40.25,124.20779345393
106.5,40.25,123.97673532924
106.75,40.25,123.42574012016
107,40.25,123.97083959285
107.25,40.25,123.73594536002
107.5,40.25,122.93350070687
107.75,40.25,123.23233984671
108,40.25,119.52719739182
108.25,40.25,118.79384600037
108.5,40.25,119.00743320213
108.75,40.25,120.77879706147
109,40.25,123.58122106012
109.25,40.25,126.87353755779
109.5,40.25,129.69284346649
109.75,40.25,132.80711182069
110,40.25,136.82631038905
110.25,40.25,141.26794646093
110.5,40.25,144.69967257014
110.75,40.25,149.32380351866
111,40.25,153.4069141121
111.25,40.25,157.66646612082
111.5,40.25,165.25733653212
111.75,40.25,171.54843381769
112,40.25,177.8119836824
112.25,40.25,184.22219656969
112.5,40.25,189.72588701109
112.75,40.25,197.20202442025
113,40.25,203.07228488567
113.25,40.25,210.03209540545
113.5,40.25,213.28449200655
113.75,40.25,217.0923382284
114,40.25,222.05330138004
114.25,40.25,225.98113511994
114.5,40.25,230.40014853001
114.75,40.25,232.31630231703
115,40.25,232.53891860319
115.25,40.25,229.21942684433
115.5,40.25,217.78560669508
115.75,40.25,198.39352080349
116,40.25,176.4337011896
116.25,40.25,164.9901866918
116.5,40.25,180.16284704654
116.75,40.25,200.53062999229
117,40.25,207.60619000201
117.25,40.25,192.42386692072
117.5,40.25,171.58031759575
117.75,40.25,151.73276908104
118,40.25,135.65146621412
118.25,40.25,122.37312916586
118.5,40.25,115.97625100993
118.75,40.25,113.9233695203
119,40.25,116.63998946777
119.25,40.25,124.020517819
119.5,40.25,132.18283106651
119.75,40.25,140.44817877507
120,40.25,148.12292658744
120.25,40.25,154.11556153038
120.5,40.25,159.25652975301
120.75,40.25,175.01474302032
121,40.25,180.89979652299
121.25,40.25,189.60046048539
121.5,40.25,207.93871870402
121.75,40.25,206.03141462422
122,40.25,201.99507582703
122.25,40.25,199.33284586162
122.5,40.25,199.87395334503
122.75,40.25,202.14578106295
123,40.25,204.22206039185
123.25,40.25,202.02566963168
123.5,40.25,190.5959273708
123.75,40.25,171.1909829694
124,40.25,149.3236960662
124.25,40.25,129.04167534668
124.5,40.25,123.97249552311
124.75,40.25,137.20915773621
125,40.25,148.65773969271
125.25,40.25,155.44691530879
105.25,40.5,120.80374466652
105.5,40.5,120.48692047893
105.75,40.5,120.03851769788
106,40.5,120.86903515649
106.25,40.5,120.57761208085
106.5,40.5,119.8024319673
106.75,40.5,119.55372477125
107,40.5,120.46205489953
107.25,40.5,120.36298801599
107.5,40.5,121.46743716854
107.75,40.5,120.22164181929
108,40.5,119.11740695642
108.25,40.5,119.4928213194
108.5,40.5,119.67162955078
108.75,40.5,120.6973744623
109,40.5,124.06055141303
109.25,40.5,127.18114974424
109.5,40.5,129.16406856712
109.75,40.5,131.72682256375
110,40.5,135.67027682673
110.25,40.5,141.05918618516
110.5,40.5,144.95427729106
110.75,40.5,150.4125478258
111,40.5,154.62753820714
111.25,40.5,158.97984604647
111.5,40.5,166.69593425336
111.75,40.5,172.9121124498
112,40.5,179.3314923463
112.25,40.5,185.65056843522
112.5,40.5,192.5799475963
112.75,40.5,198.68094237466
113,40.5,205.36181875772
113.25,40.5,210.96251064431
113.5,40.5,217.36713637196
113.75,40.5,221.72625251627
114,40.5,226.45425746832
114.25,40.5,232.19884169965
114.5,40.5,237.08252292456
114.75,40.5,240.7778804053
115,40.5,242.33811537716
115.25,40.5,244.7565145847
115.5,40.5,235.6355717914
115.75,40.5,207.8423507723
116,40.5,180.68277860697
116.25,40.5,163.50788003798
116.5,40.5,182.13031943102
116.75,40.5,208.31169572164
117,40.5,230.98629054515
117.25,40.5,203.85832347645
117.5,40.5,178.70536583551
117.75,40.5,159.55180248754
118,40.5,143.23906300598
118.25,40.5,131.70745583694
118.5,40.5,124.16907396376
118.75,40.5,119.72323286238
119,40.5,121.17170519192
119.25,40.5,124.733693055
119.5,40.5,129.93638228207
119.75,40.5,135.38061853085
120,40.5,140.52134180658
120.25,40.5,145.27013568248
120.5,40.5,157.15050741523
120.75,40.5,162.15835461114
121,40.5,169.55299491433
121.25,40.5,175.13970887514
121.5,40.5,175.10618330411
121.75,40.5,179.71179477368
122,40.5,174.80564278634
122.25,40.5,175.49933706119
122.5,40.5,182.99168161927
122.75,40.5,195.58581703938
123,40.5,210.39794419776
123.25,40.5,219.07337696816
123.5,40.5,213.60270803046
123.75,40.5,192.43181832573
124,40.5,166.93484304687
124.25,40.5,149.16060140512
124.5,40.5,145.49279475618
124.75,40.5,155.86556927144
125,40.5,168.19915489879
125.25,40.5,173.03929355811
105.5,40.75,116.2975684951
105.75,40.75,117.40632613806
106,40.75,116.99097191396
106.25,40.75,117.59637486728
106.5,40.75,116.74255752147
106.75,40.75,116.73005235114
107,40.75,117.23256815366
107.25,40.75,119.06692253797
107.5,40.75,118.58273502466
107.75,40.75,118.34504451036
108,40.75,118.74937264384
108.25,40.75,118.60337620695
108.5,40.75,118.60065237802
108.75,40.75,119.49519649046
109,40.75,124.86752131173
109.25,40.75,127.27799918013
109.5,40.75,129.74187958791
109.75,40.75,132.63016261704
110,40.75,136.28339246384
110.25,40.75,140.38495817403
110.5,40.75,144.99779786543
110.75,40.75,149.77363739477
111,40.75,154.13853421241
111.25,40.75,158.89944962329
111.5,40.75,166.84457759405
111.75,40.75,172.91692338673
112,40.75,179.03553190661
112.25,40.75,185.75055411365
112.5,40.75,191.55261188504
112.75,40.75,198.70463085794
113,40.75,203.42743361539
113.25,40.75,209.43354338869
113.5,40.75,217.68221781673
113.75,40.75,222.84167119532
114,40.75,227.80884692309
114.25,40.75,233.44863128627
114.5,40.75,236.71717006768
114.75,40.75,242.6263270237
115,40.75,248.50576567489
115.25,40.75,255.26312490938
115.5,40.75,256.98423524688
115.75,40.75,222.38521299788
116,40.75,197.1640137132
116.25,40.75,186.05882286989
116.5,40.75,193.86179389293
116.75,40.75,210.74633468417
117,40.75,220.47609848699
117.25,40.75,204.25541045098
117.5,40.75,183.33500121526
117.75,40.75,165.25259195953
118,40.75,149.94645361216
118.25,40.75,139.45539198378
118.5,40.75,131.81658259944
118.75,40.75,126.0378168301
119,40.75,124.95349726372
119.25,40.75,125.82794428529
119.5,40.75,128.24340212238
119.75,40.75,130.96168772157
120,40.75,136.75031272671
120.25,40.75,142.23355447949
120.5,40.75,145.93388043994
120.75,40.75,150.91730267546
121,40.75,156.71092797222
121.25,40.75,161.9159434946
121.5,40.75,159.60797616878
121.75,40.75,153.0910394285
122,40.75,145.07098742923
122.25,40.75,149.18414193777
122.5,40.75,163.16227881894
122.75,40.75,184.14220406909
123,40.75,210.87483911197
123.25,40.75,236.82183621797
123.5,40.75,232.09239247535
123.75,40.75,212.47270578848
124,40.75,189.64651221357
124.25,40.75,175.51069752464
124.5,40.75,173.46828754215
124.75,40.75,183.44798334342
125,40.75,200.50164038836
125.25,40.75,195.79905500806
107.25,41,116.78761916613
107.75,41,118.71435303311
108,41,117.01754938206
108.25,41,118.10487006477
108.5,41,118.74192457634
108.75,41,120.7806009604
109,41,126.62297220298
109.25,41,129.35135287286
109.5,41,131.11609690059
109.75,41,134.88066307783
110,41,138.54224094141
110.25,41,141.42684541502
110.5,41,145.7300511827
110.75,41,150.80488055573
111,41,155.25450335395
111.25,41,159.46453884826
111.5,41,163.27119883307
111.75,41,172.77889259643
112,41,181.23111273472
112.25,41,187.18172405841
112.5,41,192.77806964923
112.75,41,200.47942962886
113,41,205.30958987839
113.25,41,212.0515299564
113.5,41,218.31523658623
113.75,41,225.87222707154
114,41,230.8445889984
114.25,41,233.60712478439
114.5,41,238.37535421019
114.75,41,244.18164027509
115,41,248.77757826665
115.25,41,254.37945005103
115.5,41,249.15516613674
115.75,41,230.16946868425
116,41,211.72991937126
116.25,41,202.20491923377
116.5,41,203.42921238697
116.75,41,208.70148527589
117,41,208.8838755906
117.25,41,198.78272501639
117.5,41,183.22883250235
117.75,41,167.86860382224
118,41,154.65560972946
118.25,41,145.05317383316
118.5,41,137.10265049542
118.75,41,131.2109150258
119,41,127.94432264264
119.25,41,126.55189099688
119.5,41,127.20294762475
119.75,41,128.75938068088
120,41,131.56964117934
120.25,41,134.95088043336
120.5,41,136.85386822946
120.75,41,139.63964482867
121,41,142.96164724904
121.25,41,145.35514167747
121.5,41,140.79350092912
121.75,41,123.39681577186
122,41,113.38184074485
122.25,41,122.65516895998
122.5,41,142.77185077607
122.75,41,168.02314502035
123,41,194.51126725785
123.25,41,218.75364163548
123.5,41,225.81974540889
123.75,41,220.6025779058
124,41,208.77826329935
124.25,41,199.48508182564
124.5,41,198.80924218924
124.75,41,207.14802716896
125,41,217.80588595678
125.25,41,215.32532537178
108,41.25,116.8804109736
108.25,41.25,117.46544493833
108.5,41.25,119.08441449147
108.75,41.25,123.82223471808
109,41.25,128.23262978703
109.25,41.25,130.24605217588
109.5,41.25,133.70155959797
109.75,41.25,136.51297484844
110,41.25,140.19915399492
110.25,41.25,143.04749953971
110.5,41.25,146.03364467719
110.75,41.25,150.96190636387
111,41.25,155.3979948749
111.25,41.25,159.43712533168
111.5,41.25,163.01436693904
111.75,41.25,172.35761844128
112,41.25,180.07204744481
112.25,41.25,185.46785248636
112.5,41.25,194.0018371299
112.75,41.25,200.50576470846
113,41.25,206.68095567197
113.25,41.25,212.50448997235
113.5,41.25,219.24317762318
113.75,41.25,224.19946214295
114,41.25,226.42399303968
114.25,41.25,232.47345301021
114.5,41.25,236.07210277446
114.75,41.25,240.28274515736
115,41.25,244.29306109324
115.25,41.25,247.70636219579
115.5,41.25,244.06257237721
115.75,41.25,232.83988613454
116,41.25,219.77818162564
116.25,41.25,210.87019597223
116.5,41.25,208.27324567536
116.75,41.25,205.67049804229
117,41.25,201.36820071358
117.25,41.25,192.95567438126
117.5,41.25,180.90122873457
117.75,41.25,169.07790928711
118,41.25,158.08284359173
118.25,41.25,149.8387574626
118.5,41.25,141.22308473804
118.75,41.25,134.60853549683
119,41.25,129.89334318355
119.25,41.25,126.63949721522
119.5,41.25,125.98437223049
119.75,41.25,126.75834289496
120,41.25,127.97268194537
120.25,41.25,128.91461449372
120.5,41.25,128.58961251006
120.75,41.25,128.83867163725
121,41.25,129.11772384425
121.25,41.25,126.56183990844
121.5,41.25,116.27330589848
121.75,41.25,101.16300603748
122,41.25,85.230086020794
122.25,41.25,103.46774107383
122.5,41.25,124.8976711501
122.75,41.25,151.61802975519
123,41.25,172.00756089431
123.25,41.25,191.20367266367
123.5,41.25,214.6056498923
123.75,41.25,226.0327356897
124,41.25,223.62521472558
124.25,41.25,218.1683826659
124.5,41.25,217.56934731373
124.75,41.25,224.29140307518
125,41.25,231.10546500601
125.25,41.25,230.55404451183
108,41.5,116.13877467484
108.25,41.5,115.97286720107
108.5,41.5,117.88207376097
108.75,41.5,123.14837690958
109,41.5,127.75145569814
109.25,41.5,129.9969384483
109.5,41.5,133.51043489307
109.75,41.5,136.31317859721
110,41.5,139.76552904908
110.25,41.5,141.93383460556
110.5,41.5,145.64925326737
110.75,41.5,150.81790412747
111,41.5,155.29032984184
111.25,41.5,157.58850283163
111.5,41.5,161.59662457817
111.75,41.5,168.94253802531
112,41.5,176.63495858637
112.25,41.5,182.06682384951
112.5,41.5,187.44138249422
112.75,41.5,193.53706463072
113,41.5,200.63342590726
113.25,41.5,207.58918996998
113.5,41.5,213.23820204701
113.75,41.5,213.37522513504
114,41.5,220.29270874858
114.25,41.5,226.63288369505
114.5,41.5,230.1471525309
114.75,41.5,232.80659103677
115,41.5,235.21366126154
115.25,41.5,236.30360059202
115.5,41.5,233.91713406584
115.75,41.5,225.96187588729
116,41.5,218.16802897328
116.25,41.5,210.1405601265
116.5,41.5,207.71381310283
116.75,41.5,203.84567855618
117,41.5,197.02147428875
117.25,41.5,188.5065363553
117.5,41.5,178.81767018193
117.75,41.5,168.42737842983
118,41.5,159.09404672941
118.25,41.5,151.85672314506
118.5,41.5,143.35405123954
118.75,41.5,136.33976087426
119,41.5,132.55049286421
119.25,41.5,128.87079672784
119.5,41.5,126.26944686718
119.75,41.5,126.21994238542
120,41.5,125.54764364386
120.25,41.5,124.17468950233
120.5,41.5,122.37885573615
120.75,41.5,120.31000378503
121,41.5,119.45817924162
121.25,41.5,116.53303972865
121.5,41.5,109.29242546433
121.75,41.5,100.89333899306
122,41.5,95.418165105838
122.25,41.5,103.97792355245
122.5,41.5,122.15407956246
122.75,41.5,143.04942694617
123,41.5,157.90629074122
123.25,41.5,168.50551056817
123.5,41.5,213.55094105902
123.75,41.5,235.58807061451
124,41.5,234.97977342707
124.25,41.5,232.77983862462
124.5,41.5,230.87409095949
124.75,41.5,240.16608481816
125,41.5,245.76938213833
108,41.75,116.34138153051
108.25,41.75,117.24479163115
108.5,41.75,118.59282841406
108.75,41.75,124.30344262405
109,41.75,128.42370111064
109.25,41.75,131.3970421094
109.5,41.75,134.41301543598
109.75,41.75,138.94422202081
110,41.75,140.71198300291
110.25,41.75,141.00865055657
111.75,41.75,172.18063293211
112,41.75,179.51985030896
112.25,41.75,183.86929294428
112.5,41.75,189.12442567013
112.75,41.75,194.71629747518
113,41.75,199.78860551989
113.25,41.75,211.09337357613
113.5,41.75,208.48440918312
113.75,41.75,214.57999190821
114,41.75,219.61072113617
114.25,41.75,225.6494418186
114.5,41.75,228.91342937997
114.75,41.75,230.51142232372
115,41.75,232.4213713582
115.25,41.75,230.98479810125
115.5,41.75,229.25966512729
115.75,41.75,224.14066997639
116,41.75,217.36316667391
116.25,41.75,209.60223552944
116.5,41.75,208.61362244781
116.75,41.75,203.37651465696
117,41.75,194.90707366818
117.25,41.75,186.92833242971
117.5,41.75,178.37632347899
117.75,41.75,169.96892542784
118,41.75,161.3809776594
118.25,41.75,154.70806297195
118.5,41.75,146.13748598806
118.75,41.75,140.2662452738
119,41.75,134.99419590254
119.25,41.75,131.50215879307
119.5,41.75,128.50992194749
119.75,41.75,126.98398898169
120,41.75,124.77674622945
120.25,41.75,121.93050201208
120.5,41.75,117.97670376171
120.75,41.75,113.57586574555
121,41.75,115.04058777134
121.25,41.75,114.63462635573
121.5,41.75,112.19685413907
121.75,41.75,111.13194920445
122,41.75,110.73445035727
122.25,41.75,117.2693822754
122.5,41.75,130.14560607272
122.75,41.75,144.78791249037
123,41.75,158.45826545712
123.25,41.75,177.12228935091
123.5,41.75,211.0203331045
123.75,41.75,232.54004163355
124,41.75,237.2425966784
124.25,41.75,244.29675594256
124.5,41.75,253.56653701393
124.75,41.75,257.57560012276
108.75,42,125.268197974
109,42,129.42470139752
110.25,42,142.00824817012
112.75,42,194.44943431701
113.5,42,211.69339345153
113.75,42,216.84307822804
114,42,218.40575453393
114.25,42,224.96745011174
114.5,42,228.22013987068
114.75,42,230.21281063131
115,42,231.12200505988
115.25,42,220.84882740109
115.5,42,221.42363291987
115.75,42,218.33698828507
116,42,212.39189124187
116.25,42,205.34334410663
116.5,42,200.92926330433
116.75,42,199.73720219759
117,42,191.35100233744
117.25,42,183.34479980237
117.5,42,176.10502697673
117.75,42,168.50334720585
118,42,160.68223629096
118.25,42,154.07562419489
118.5,42,148.64115024859
118.75,42,141.86821032611
119,42,137.80741683215
119.25,42,134.03354548188
119.5,42,130.31159395344
119.75,42,127.96815508731
120,42,125.59737505227
120.25,42,122.27121132712
120.5,42,118.66087775414
120.75,42,116.09792959743
121,42,116.64503399305
121.25,42,117.4832563211
121.5,42,119.08628782332
121.75,42,120.95265903852
122,42,124.97739783523
122.25,42,132.81178367313
122.5,42,142.26312554466
122.75,42,151.85549399275
123,42,162.81585747817
123.25,42,177.39875512914
123.5,42,197.54192495475
123.75,42,214.87807757801
124,42,226.25469728076
124.25,42,242.61380933011
124.5,42,269.55443815161
113.75,42.25,216.72423111279
114,42.25,221.23676343206
114.25,42.25,225.56147038258
114.5,42.25,227.2703094835
114.75,42.25,218.82715335948
115,42.25,219.90620312425
115.25,42.25,219.85150114005
115.5,42.25,218.9384214131
115.75,42.25,216.62292786407
116,42.25,211.53704980592
116.25,42.25,206.08976457636
116.5,42.25,206.0576280267
116.75,42.25,199.80979300996
117,42.25,189.25242242636
117.25,42.25,182.49718683972
117.5,42.25,176.31832008596
117.75,42.25,168.13840721065
118,42.25,164.69010783056
118.25,42.25,158.37634134867
118.5,42.25,151.75429484455
118.75,42.25,145.89942067278
119,42.25,140.36875124943
119.25,42.25,136.36693952313
119.5,42.25,132.93941095422
119.75,42.25,129.4899524496
120,42.25,127.54546287264
120.25,42.25,124.92858072904
120.5,42.25,122.15944243673
120.75,42.25,121.34097657585
121,42.25,121.47937895994
121.25,42.25,122.88435108655
121.5,42.25,124.62229395769
121.75,42.25,127.77976614494
122,42.25,135.87959432101
122.25,42.25,148.32835108677
122.5,42.25,154.37433519531
122.75,42.25,158.07721972582
123,42.25,164.33281940853
123.25,42.25,173.41707225304
123.5,42.25,184.96621721148
123.75,42.25,196.8033616098
124,42.25,206.00351212181
114,42.5,225.01640079312
114.25,42.5,220.24004075459
114.5,42.5,221.30070274903
115,42.5,225.85089779916
115.25,42.5,224.39615077775
115.5,42.5,225.70224043777
115.75,42.5,223.63233096238
116,42.5,215.95298267891
116.25,42.5,207.57689176308
116.5,42.5,206.69160287742
116.75,42.5,204.22635723411
117,42.5,192.99703886954
117.25,42.5,185.07543305271
117.5,42.5,179.78650167084
117.75,42.5,178.39207685621
118,42.5,171.24964373734
118.25,42.5,164.845339895
118.5,42.5,156.22179595136
118.75,42.5,151.05486834836
119,42.5,141.73138796934
119.25,42.5,137.59574533954
119.5,42.5,136.72521302385
119.75,42.5,133.38663622511
120,42.5,130.05472933813
120.25,42.5,128.61316722831
120.5,42.5,126.43562026409
120.75,42.5,125.73700601922
121,42.5,126.44171167537
121.25,42.5,125.92979211887
121.5,42.5,128.43275451844
121.75,42.5,134.00384237823
122,42.5,141.91836191225
122.25,42.5,151.83867846018
122.5,42.5,156.76822243002
122.75,42.5,159.00724811166
123,42.5,162.29812587213
123.25,42.5,166.55267411403
123.5,42.5,172.25289056138
123.75,42.5,174.89566610369
124,42.5,181.76627417152
116,42.75,210.27094789627
116.25,42.75,206.69167035898
116.5,42.75,205.16803327263
116.75,42.75,202.95450577071
117,42.75,192.63672473668
117.25,42.75,184.51876369509
117.5,42.75,187.33222073144
117.75,42.75,180.74974008577
118,42.75,171.6336626872
118.25,42.75,163.73861790198
118.5,42.75,158.1183904456
118.75,42.75,152.87009681531
119,42.75,147.20011661281
119.25,42.75,141.60694312171
119.5,42.75,138.52926308679
119.75,42.75,134.68015844142
120,42.75,131.5044888281
120.25,42.75,128.58835189873
120.5,42.75,129.933027621
120.75,42.75,130.84684208784
121,42.75,131.28789881082
121.25,42.75,131.12369887512
121.5,42.75,133.32884741398
121.75,42.75,137.77622828207
122,42.75,143.62591581511
122.25,42.75,150.01809120617
122.5,42.75,154.215030262
122.75,42.75,156.65405148144
123,42.75,157.30987620817
123.25,42.75,158.22927391855
123.5,42.75,158.97006688596
116.25,43,203.65622225942
117,43,191.49838445625
117.25,43,196.24771577127
117.5,43,190.07124454391
117.75,43,183.17140501128
118,43,176.68771888107
118.25,43,166.17711079662
118.5,43,160.92041821688
118.75,43,155.9571307164
119,43,150.88158189028
119.25,43,147.05516528602
119.5,43,141.9623366436
119.75,43,140.96214526223
120,43,135.60329142195
120.25,43,133.08300683342
120.5,43,131.17188848236
120.75,43,134.40807443894
121,43,134.65103752045
121.25,43,135.49720424159
121.5,43,137.21117374772
121.75,43,140.45548554648
122,43,143.0129406604
122.25,43,147.9681116716
122.5,43,150.47034337631
122.75,43,153.18279769317
123,43,152.33095500738
117,43.25,205.6520464793
117.25,43.25,197.15816318309
117.5,43.25,193.66082417525
117.75,43.25,186.79645156532
118.25,43.25,168.99156162524
118.5,43.25,165.07576854896
118.75,43.25,160.41700843333
119,43.25,154.3377191185
119.25,43.25,150.79467477726
119.5,43.25,149.20852881198
119.75,43.25,145.89390700227
120,43.25,142.10208087691
120.25,43.25,138.10712996178
120.5,43.25,134.38156483195
120.75,43.25,135.53959775092
121,43.25,138.4966993073
121.25,43.25,139.60815308072
121.5,43.25,139.20403720304
121.75,43.25,141.18840162177
122,43.25,143.94650783473
122.25,43.25,146.94250212067
122.5,43.25,147.61897543594
122.75,43.25,149.43928940191
123,43.25,147.02946798024
118.75,43.5,161.43897671747
119,43.5,158.77329079411
119.25,43.5,154.51792774968
119.5,43.5,154.85839869289
119.75,43.5,153.35702314735
120,43.5,150.54214727027
120.25,43.5,142.06904894199
120.5,43.5,137.70610937151
120.75,43.5,133.64038867262
121,43.5,135.70715593902
121.25,43.5,138.46091572312
121.5,43.5,141.80900083923
121.75,43.5,145.54092647868
122,43.5,145.49185361249
122.25,43.5,148.59608341065
122.5,43.5,149.68155768391
119.5,43.75,153.85009595918
119.75,43.75,152.64215972318
120,43.75,152.01085248829
120.25,43.75,146.43779707818
120.5,43.75,139.99787154616
120.75,43.75,135.26365485925
121,43.75,137.52641910103
121.25,43.75,138.65301368897
121.5,43.75,143.41954814147
121.75,43.75,144.71469720921
122,43.75,145.7656867364
122.25,43.75,148.91948388738
120.25,44,152.54159874378
120.5,44,148.61584158949
120.75,44,146.67729268801
121,44,142.71951187717
121.25,44,143.04413116697
121.5,44,143.2938106203
121.75,44,144.84376602563
